,source,target
0,94.0,32.0
0,43.0,5.0
0,38.0,58.0
0,33.0,84.0
0,77.0,22.0
0,76.0,67.0
0,83.0,41.0
0,85.0,17.0
0,102.0,51.0
0,39.0,59.0
0,93.0,39.0
0,100.0,55.0
0,47.0,72.0
0,73.0,71.0
0,44.0,33.0
0,21.0,1.0
0,70.0,16.0
0,43.0,3.0
0,82.0,54.0
0,20.0,89.0
0,103.0,46.0
0,87.0,40.0
0,49.0,3.0
0,85.0,17.0
0,42.0,71.0
0,45.0,61.0
0,101.0,99.0
0,86.0,1.0
0,11.0,75.0
0,102.0,76.0
0,100.0,67.0
0,12.0,96.0
0,104.0,59.0
0,100.0,102.0
0,47.0,44.0
0,91.0,49.0
0,59.0,39.0
0,71.0,105.0
0,58.0,38.0
0,90.0,19.0
0,85.0,60.0
0,96.0,46.0
0,58.0,101.0
0,35.0,80.0
0,17.0,62.0
0,9.0,43.0
0,33.0,23.0
0,55.0,100.0
0,69.0,90.0
0,94.0,32.0
0,55.0,100.0
0,9.0,43.0
0,24.0,88.0
0,45.0,11.0
0,12.0,79.0
0,75.0,22.0
0,16.0,75.0
0,91.0,49.0
0,6.0,61.0
0,43.0,3.0
0,25.0,48.0
0,59.0,103.0
0,15.0,33.0
0,81.0,9.0
0,12.0,46.0
0,39.0,104.0
0,17.0,85.0
0,33.0,106.0
0,55.0,82.0
0,8.0,74.0
0,58.0,101.0
0,1.0,99.0
0,73.0,105.0
0,104.0,63.0
0,85.0,17.0
0,40.0,35.0
0,79.0,107.0
0,59.0,76.0
0,7.0,108.0
0,68.0,70.0
0,36.0,20.0
0,1.0,38.0
0,94.0,37.0
0,10.0,65.0
0,9.0,43.0
0,60.0,82.0
0,33.0,106.0
0,67.0,59.0
0,49.0,109.0
0,58.0,101.0
0,59.0,103.0
0,39.0,104.0
0,103.0,102.0
0,76.0,63.0
0,37.0,32.0
0,58.0,21.0
0,37.0,52.0
0,109.0,49.0
0,19.0,90.0
0,12.0,46.0
0,35.0,79.0
0,33.0,17.0
0,78.0,86.0
0,90.0,85.0
0,6.0,45.0
0,77.0,25.0
0,24.0,62.0
0,39.0,104.0
0,40.0,35.0
0,77.0,54.0
0,79.0,107.0
0,86.0,99.0
0,63.0,48.0
0,3.0,4.0
0,33.0,19.0
0,67.0,102.0
0,33.0,106.0
0,48.0,67.0
0,58.0,21.0
0,18.0,79.0
0,61.0,11.0
0,79.0,107.0
0,2.0,6.0
0,16.0,108.0
0,20.0,110.0
0,87.0,10.0
0,102.0,23.0
0,22.0,112.0
0,76.0,63.0
0,111.0,35.0
0,105.0,71.0
0,59.0,103.0
0,22.0,25.0
0,103.0,54.0
0,36.0,89.0
0,24.0,100.0
0,48.0,102.0
0,46.0,96.0
0,44.0,47.0
0,44.0,105.0
0,1.0,58.0
0,94.0,85.0
0,21.0,1.0
0,33.0,106.0
0,26.0,111.0
0,87.0,18.0
0,45.0,89.0
0,47.0,73.0
0,58.0,101.0
0,108.0,68.0
0,6.0,61.0
0,32.0,52.0
0,19.0,33.0
0,112.0,77.0
0,99.0,86.0
0,92.0,37.0
0,7.0,75.0
0,108.0,22.0
0,49.0,91.0
0,26.0,35.0
0,70.0,60.0
0,42.0,92.0
0,80.0,26.0
0,106.0,113.0
0,11.0,6.0
0,40.0,12.0
0,67.0,63.0
0,103.0,25.0
0,85.0,90.0
0,94.0,85.0
0,59.0,120.0
0,89.0,43.0
0,77.0,25.0
0,116.0,2.0
0,63.0,102.0
0,105.0,114.0
0,62.0,82.0
0,60.0,13.0
0,46.0,96.0
0,95.0,34.0
0,4.0,3.0
0,54.0,63.0
0,61.0,116.0
0,38.0,1.0
0,110.0,22.0
0,115.0,18.0
0,118.0,94.0
0,19.0,100.0
0,35.0,111.0
0,58.0,101.0
0,36.0,91.0
0,33.0,17.0
0,70.0,24.0
0,83.0,66.0
0,84.0,107.0
0,40.0,87.0
0,94.0,113.0
0,6.0,89.0
0,82.0,62.0
0,61.0,116.0
0,112.0,77.0
0,48.0,102.0
0,71.0,105.0
0,89.0,43.0
0,63.0,120.0
0,85.0,118.0
0,33.0,106.0
0,47.0,92.0
0,34.0,95.0
0,18.0,87.0
0,42.0,47.0
0,9.0,81.0
0,80.0,35.0
0,105.0,114.0
0,18.0,40.0
0,49.0,109.0
0,6.0,108.0
0,107.0,74.0
0,15.0,84.0
0,17.0,73.0
0,48.0,59.0
0,75.0,117.0
0,63.0,112.0
0,122.0,13.0
0,20.0,110.0
0,83.0,14.0
0,45.0,6.0
0,58.0,1.0
0,63.0,120.0
0,106.0,113.0
0,6.0,110.0
0,2.0,43.0
0,87.0,115.0
0,31.0,44.0
0,112.0,77.0
0,2.0,108.0
0,71.0,114.0
0,103.0,59.0
0,45.0,4.0
0,111.0,35.0
0,99.0,69.0
0,83.0,66.0
0,47.0,92.0
0,10.0,121.0
0,108.0,11.0
0,18.0,10.0
0,38.0,1.0
0,46.0,15.0
0,9.0,81.0
0,73.0,106.0
0,54.0,112.0
0,115.0,18.0
0,71.0,105.0
0,6.0,2.0
0,74.0,123.0
0,47.0,37.0
0,75.0,117.0
0,61.0,116.0
0,14.0,83.0
0,80.0,109.0
0,106.0,113.0
0,63.0,120.0
0,80.0,35.0
0,7.0,66.0
0,3.0,126.0
0,18.0,40.0
0,71.0,114.0
0,108.0,6.0
0,2.0,89.0
0,123.0,74.0
0,68.0,16.0
0,67.0,125.0
0,112.0,102.0
0,76.0,48.0
0,25.0,2.0
0,71.0,105.0
0,123.0,107.0
0,109.0,111.0
0,59.0,103.0
0,73.0,106.0
0,93.0,87.0
0,18.0,115.0
0,46.0,63.0
0,58.0,101.0
0,46.0,82.0
0,10.0,121.0
0,113.0,73.0
0,81.0,9.0
0,61.0,116.0
0,34.0,119.0
0,15.0,96.0
0,49.0,109.0
0,24.0,122.0
0,44.0,124.0
0,71.0,114.0
0,42.0,32.0
0,115.0,121.0
0,30.0,81.0
0,40.0,18.0
0,113.0,118.0
0,75.0,117.0
0,125.0,102.0
0,58.0,101.0
0,98.0,83.0
0,20.0,110.0
0,115.0,127.0
0,116.0,126.0
0,16.0,11.0
0,61.0,116.0
0,6.0,89.0
0,112.0,125.0
0,100.0,85.0
0,18.0,115.0
0,74.0,123.0
0,31.0,19.0
0,106.0,113.0
0,35.0,111.0
0,6.0,16.0
0,63.0,120.0
0,121.0,10.0
0,77.0,54.0
0,59.0,103.0
0,36.0,91.0
0,54.0,112.0
0,2.0,108.0
0,126.0,3.0
0,13.0,60.0
0,75.0,66.0
0,116.0,126.0
0,20.0,110.0
0,16.0,89.0
0,66.0,117.0
0,40.0,121.0
0,3.0,45.0
0,125.0,54.0
0,30.0,81.0
0,85.0,24.0
0,112.0,125.0
0,54.0,112.0
0,40.0,127.0
0,82.0,46.0
0,44.0,124.0
0,59.0,35.0
0,111.0,59.0
0,113.0,118.0
0,63.0,120.0
0,74.0,123.0
0,106.0,33.0
0,15.0,96.0
0,18.0,115.0
0,108.0,89.0
0,126.0,3.0
0,71.0,105.0
0,20.0,110.0
0,16.0,6.0
0,58.0,101.0
0,101.0,78.0
0,4.0,20.0
0,74.0,123.0
0,126.0,61.0
0,126.0,116.0
0,117.0,75.0
0,43.0,4.0
0,49.0,109.0
0,18.0,121.0
0,91.0,9.0
0,19.0,82.0
0,48.0,84.0
0,121.0,127.0
0,25.0,67.0
0,24.0,128.0
0,119.0,95.0
0,113.0,118.0
0,33.0,106.0
0,54.0,112.0
0,49.0,111.0
0,91.0,30.0
0,113.0,130.0
0,2.0,108.0
0,94.0,44.0
0,85.0,69.0
0,59.0,103.0
0,44.0,73.0
0,124.0,94.0
0,18.0,10.0
0,16.0,67.0
0,130.0,106.0
0,122.0,128.0
0,59.0,111.0
0,81.0,126.0
0,38.0,1.0
0,73.0,124.0
0,54.0,35.0
0,100.0,24.0
0,54.0,84.0
0,98.0,14.0
0,18.0,115.0
0,118.0,130.0
0,63.0,120.0
0,84.0,112.0
0,95.0,119.0
0,69.0,122.0
0,84.0,125.0
0,116.0,61.0
0,105.0,114.0
0,58.0,101.0
0,63.0,46.0
0,59.0,103.0
0,106.0,135.0
0,111.0,109.0
0,60.0,13.0
0,61.0,132.0
0,74.0,123.0
0,102.0,129.0
0,38.0,1.0
0,75.0,117.0
0,30.0,91.0
0,127.0,18.0
0,18.0,121.0
0,58.0,38.0
0,24.0,128.0
0,123.0,46.0
0,117.0,133.0
0,137.0,131.0
0,101.0,78.0
0,31.0,107.0
0,44.0,124.0
0,114.0,17.0
0,74.0,123.0
0,131.0,63.0
0,108.0,16.0
0,24.0,136.0
0,125.0,129.0
0,121.0,115.0
0,126.0,9.0
0,116.0,132.0
0,103.0,59.0
0,38.0,101.0
0,127.0,115.0
0,74.0,123.0
0,127.0,121.0
0,17.0,44.0
0,112.0,84.0
0,98.0,7.0
0,124.0,114.0
0,80.0,48.0
0,67.0,102.0
0,86.0,78.0
0,107.0,31.0
0,2.0,108.0
0,110.0,36.0
0,112.0,54.0
0,134.0,111.0
0,24.0,128.0
0,44.0,124.0
0,118.0,113.0
0,75.0,133.0
0,59.0,103.0
0,75.0,117.0
0,138.0,73.0
0,33.0,106.0
0,58.0,1.0
0,137.0,120.0
0,116.0,132.0
0,54.0,125.0
0,38.0,1.0
0,82.0,107.0
0,67.0,102.0
0,44.0,17.0
0,108.0,89.0
0,105.0,114.0
0,30.0,9.0
0,63.0,31.0
0,24.0,128.0
0,75.0,133.0
0,109.0,80.0
0,73.0,106.0
0,103.0,139.0
0,60.0,100.0
0,121.0,115.0
0,24.0,136.0
0,137.0,54.0
0,127.0,87.0
0,93.0,96.0
0,54.0,112.0
0,113.0,118.0
0,80.0,84.0
0,112.0,125.0
0,74.0,123.0
0,75.0,117.0
0,116.0,126.0
0,2.0,66.0
0,44.0,124.0
0,58.0,101.0
0,67.0,108.0
0,67.0,102.0
0,19.0,15.0
0,24.0,128.0
0,9.0,30.0
0,16.0,89.0
0,118.0,130.0
0,105.0,114.0
0,106.0,94.0
0,46.0,137.0
0,138.0,106.0
0,38.0,1.0
0,117.0,133.0
0,132.0,141.0
0,129.0,125.0
0,66.0,2.0
0,62.0,74.0
0,24.0,136.0
0,124.0,44.0
0,135.0,113.0
0,70.0,24.0
0,103.0,139.0
0,93.0,96.0
0,69.0,70.0
0,61.0,116.0
0,123.0,131.0
0,24.0,122.0
0,87.0,121.0
0,124.0,138.0
0,121.0,127.0
0,134.0,59.0
0,71.0,105.0
0,121.0,115.0
0,16.0,102.0
0,118.0,130.0
0,74.0,123.0
0,62.0,131.0
0,24.0,70.0
0,116.0,126.0
0,120.0,63.0
0,133.0,75.0
0,18.0,121.0
0,74.0,54.0
0,15.0,107.0
0,24.0,136.0
0,2.0,36.0
0,84.0,134.0
0,59.0,103.0
0,112.0,129.0
0,121.0,115.0
0,127.0,10.0
0,109.0,84.0
0,137.0,46.0
0,82.0,31.0
0,82.0,120.0
0,1.0,140.0
0,116.0,141.0
0,44.0,124.0
0,135.0,113.0
0,116.0,30.0
0,44.0,138.0
0,112.0,125.0
0,136.0,128.0
0,125.0,137.0
0,14.0,7.0
0,58.0,101.0
0,114.0,94.0
0,71.0,114.0
0,63.0,120.0
0,75.0,98.0
0,121.0,87.0
0,43.0,2.0
0,15.0,17.0
0,98.0,117.0
0,128.0,70.0
0,139.0,103.0
0,54.0,123.0
0,140.0,142.0
0,74.0,131.0
0,125.0,144.0
0,109.0,34.0
0,24.0,122.0
0,54.0,95.0
0,18.0,10.0
0,61.0,30.0
0,107.0,143.0
0,138.0,124.0
0,9.0,126.0
0,74.0,54.0
0,9.0,141.0
0,129.0,25.0
0,24.0,136.0
0,136.0,128.0
0,61.0,116.0
0,133.0,75.0
0,121.0,93.0
0,32.0,37.0
0,114.0,105.0
0,87.0,127.0
0,132.0,61.0
0,99.0,100.0
0,46.0,137.0
0,10.0,121.0
0,36.0,91.0
0,25.0,145.0
0,87.0,96.0
0,109.0,134.0
0,127.0,10.0
0,74.0,131.0
0,127.0,115.0
0,107.0,143.0
0,75.0,117.0
0,112.0,125.0
0,30.0,116.0
0,124.0,138.0
0,128.0,136.0
0,118.0,113.0
0,75.0,133.0
0,54.0,74.0
0,11.0,66.0
0,74.0,120.0
0,136.0,122.0
0,71.0,105.0
0,107.0,15.0
0,123.0,112.0
0,98.0,11.0
0,71.0,146.0
0,58.0,38.0
0,116.0,126.0
0,54.0,123.0
0,42.0,73.0
0,70.0,24.0
0,38.0,14.0
0,129.0,145.0
0,118.0,130.0
0,10.0,127.0
0,148.0,120.0
0,137.0,144.0
0,127.0,96.0
0,112.0,125.0
0,46.0,137.0
0,42.0,85.0
0,122.0,24.0
0,123.0,131.0
0,25.0,108.0
0,106.0,124.0
0,59.0,103.0
0,123.0,112.0
0,18.0,121.0
0,17.0,113.0
0,58.0,101.0
0,116.0,126.0
0,143.0,107.0
0,133.0,98.0
0,144.0,46.0
0,86.0,7.0
0,100.0,147.0
0,106.0,138.0
0,95.0,74.0
0,3.0,91.0
0,125.0,95.0
0,146.0,114.0
0,136.0,122.0
0,105.0,146.0
0,138.0,135.0
0,74.0,95.0
0,149.0,150.0
0,73.0,42.0
0,17.0,138.0
0,100.0,147.0
0,59.0,139.0
0,135.0,113.0
0,31.0,107.0
0,24.0,122.0
0,123.0,131.0
0,133.0,66.0
0,96.0,10.0
0,102.0,36.0
0,60.0,54.0
0,105.0,114.0
0,131.0,148.0
0,46.0,144.0
0,91.0,3.0
0,66.0,117.0
0,132.0,126.0
0,109.0,134.0
0,18.0,121.0
0,144.0,145.0
0,73.0,99.0
0,24.0,136.0
0,141.0,116.0
0,101.0,58.0
0,69.0,85.0
0,112.0,123.0
0,128.0,24.0
0,103.0,111.0
0,32.0,94.0
0,91.0,2.0
0,107.0,143.0
0,37.0,44.0
0,140.0,14.0
0,120.0,149.0
0,75.0,133.0
0,125.0,137.0
0,48.0,139.0
0,150.0,125.0
0,36.0,102.0
0,16.0,25.0
0,106.0,135.0
0,149.0,145.0
0,116.0,126.0
0,18.0,121.0
0,32.0,71.0
0,75.0,117.0
0,129.0,120.0
0,114.0,105.0
0,74.0,107.0
0,126.0,132.0
0,143.0,31.0
0,135.0,15.0
0,105.0,146.0
0,94.0,32.0
0,115.0,96.0
0,70.0,69.0
0,107.0,151.0
0,54.0,112.0
0,123.0,95.0
0,19.0,87.0
0,136.0,122.0
0,109.0,134.0
0,144.0,137.0
0,106.0,113.0
0,107.0,143.0
0,99.0,42.0
0,14.0,142.0
0,24.0,128.0
0,46.0,131.0
0,120.0,149.0
0,70.0,114.0
0,125.0,150.0
0,2.0,66.0
0,128.0,122.0
0,75.0,117.0
0,34.0,59.0
0,142.0,140.0
0,74.0,143.0
0,24.0,136.0
0,100.0,147.0
0,95.0,46.0
0,126.0,141.0
0,95.0,131.0
0,120.0,145.0
0,70.0,105.0
0,148.0,125.0
0,109.0,134.0
0,151.0,95.0
0,135.0,106.0
0,112.0,54.0
0,60.0,112.0
0,115.0,121.0
0,112.0,13.0
0,107.0,31.0
0,124.0,138.0
0,144.0,137.0
0,70.0,146.0
0,74.0,123.0
0,116.0,132.0
0,46.0,107.0
0,105.0,42.0
0,107.0,151.0
0,86.0,28.0
0,125.0,63.0
0,75.0,133.0
0,132.0,126.0
0,150.0,148.0
0,15.0,138.0
0,31.0,95.0
0,63.0,129.0
0,141.0,132.0
0,63.0,150.0
0,36.0,102.0
0,131.0,144.0
0,24.0,136.0
0,105.0,146.0
0,109.0,59.0
0,106.0,135.0
0,100.0,147.0
0,103.0,139.0
0,130.0,73.0
0,120.0,149.0
0,75.0,133.0
0,107.0,151.0
0,148.0,143.0
0,128.0,122.0
0,152.0,120.0
0,116.0,126.0
0,123.0,131.0
0,151.0,145.0
0,143.0,137.0
0,109.0,103.0
0,60.0,99.0
0,19.0,127.0
0,101.0,58.0
0,118.0,130.0
0,140.0,14.0
0,133.0,117.0
0,143.0,152.0
0,37.0,118.0
0,89.0,6.0
0,114.0,42.0
0,94.0,71.0
0,130.0,94.0
0,74.0,123.0
0,106.0,113.0
0,100.0,24.0
0,150.0,54.0
0,150.0,129.0
0,133.0,117.0
0,153.0,139.0
0,136.0,128.0
0,100.0,136.0
0,46.0,63.0
0,46.0,137.0
0,131.0,46.0
0,46.0,144.0
0,133.0,75.0
0,100.0,147.0
0,134.0,153.0
0,116.0,141.0
0,100.0,140.0
0,73.0,37.0
0,89.0,6.0
0,107.0,151.0
0,107.0,143.0
0,144.0,74.0
0,66.0,98.0
0,124.0,138.0
0,128.0,122.0
0,99.0,154.0
0,59.0,103.0
0,148.0,145.0
0,150.0,112.0
0,18.0,121.0
0,63.0,144.0
0,69.0,114.0
0,18.0,115.0
0,150.0,125.0
0,126.0,141.0
0,70.0,94.0
0,120.0,149.0
0,60.0,99.0
0,153.0,103.0
0,32.0,69.0
0,144.0,145.0
0,134.0,109.0
0,154.0,13.0
0,123.0,131.0
0,103.0,59.0
0,10.0,96.0
0,24.0,122.0
0,117.0,75.0
0,153.0,139.0
0,74.0,123.0
0,24.0,128.0
0,82.0,37.0
0,25.0,107.0
0,131.0,148.0
0,46.0,137.0
0,44.0,124.0
0,75.0,133.0
0,102.0,116.0
0,25.0,143.0
0,126.0,36.0
0,100.0,147.0
0,107.0,151.0
0,66.0,98.0
0,130.0,73.0
0,99.0,154.0
0,135.0,118.0
0,129.0,149.0
0,73.0,15.0
0,150.0,125.0
0,24.0,136.0
0,80.0,59.0
0,66.0,133.0
0,89.0,6.0
0,10.0,19.0
0,37.0,70.0
0,123.0,131.0
0,74.0,123.0
0,155.0,69.0
0,18.0,121.0
0,42.0,54.0
0,46.0,144.0
0,69.0,146.0
0,137.0,145.0
0,124.0,138.0
0,135.0,113.0
0,60.0,86.0
0,136.0,122.0
0,131.0,148.0
0,100.0,147.0
0,105.0,114.0
0,133.0,117.0
0,145.0,82.0
0,107.0,151.0
0,59.0,103.0
0,106.0,135.0
0,63.0,120.0
0,131.0,152.0
0,139.0,80.0
0,103.0,139.0
0,109.0,134.0
0,112.0,129.0
0,107.0,143.0
0,6.0,150.0
0,150.0,13.0
0,106.0,137.0
0,10.0,34.0
0,69.0,114.0
0,146.0,155.0
0,48.0,134.0
0,74.0,123.0
0,132.0,126.0
0,18.0,115.0
0,129.0,156.0
0,109.0,80.0
0,116.0,102.0
0,152.0,148.0
0,145.0,74.0
0,31.0,46.0
0,98.0,117.0
0,140.0,147.0
0,99.0,154.0
0,123.0,82.0
0,63.0,149.0
0,66.0,133.0
0,129.0,63.0
0,135.0,73.0
0,132.0,141.0
0,24.0,128.0
0,112.0,42.0
0,70.0,15.0
0,137.0,113.0
0,101.0,58.0
0,142.0,24.0
0,34.0,19.0
0,74.0,131.0
0,125.0,129.0
0,86.0,60.0
0,24.0,122.0
0,18.0,121.0
0,25.0,107.0
0,106.0,70.0
0,156.0,125.0
0,121.0,115.0
0,116.0,36.0
0,25.0,151.0
0,46.0,144.0
0,58.0,142.0
0,132.0,126.0
0,141.0,30.0
0,75.0,98.0
0,149.0,152.0
0,69.0,155.0
0,36.0,132.0
0,109.0,134.0
0,124.0,138.0
0,149.0,158.0
0,70.0,135.0
0,126.0,141.0
0,131.0,148.0
0,135.0,15.0
0,113.0,159.0
0,113.0,74.0
0,30.0,110.0
0,98.0,133.0
0,145.0,82.0
0,13.0,156.0
0,6.0,150.0
0,99.0,154.0
0,155.0,157.0
0,89.0,63.0
0,123.0,159.0
0,161.0,121.0
0,82.0,152.0
0,6.0,99.0
0,131.0,148.0
0,98.0,75.0
0,148.0,145.0
0,100.0,147.0
0,146.0,105.0
0,110.0,36.0
0,116.0,126.0
0,160.0,151.0
0,36.0,30.0
0,152.0,131.0
0,24.0,122.0
0,103.0,153.0
0,106.0,135.0
0,118.0,130.0
0,15.0,70.0
0,46.0,144.0
0,148.0,158.0
0,46.0,137.0
0,24.0,136.0
0,116.0,132.0
0,69.0,157.0
0,129.0,156.0
0,44.0,124.0
0,125.0,150.0
0,131.0,42.0
0,107.0,59.0
0,58.0,101.0
0,98.0,133.0
0,99.0,154.0
0,126.0,141.0
0,44.0,138.0
0,114.0,155.0
0,80.0,109.0
0,59.0,143.0
0,74.0,145.0
0,128.0,122.0
0,153.0,139.0
0,160.0,59.0
0,107.0,160.0
0,63.0,13.0
0,109.0,134.0
0,133.0,117.0
0,115.0,121.0
0,100.0,147.0
0,145.0,82.0
0,132.0,126.0
0,106.0,135.0
0,149.0,120.0
0,10.0,127.0
0,121.0,161.0
0,159.0,123.0
0,66.0,98.0
0,150.0,129.0
0,70.0,118.0
0,135.0,113.0
0,148.0,152.0
0,103.0,153.0
0,116.0,141.0
0,18.0,115.0
0,99.0,125.0
0,42.0,148.0
0,160.0,151.0
0,58.0,101.0
0,24.0,136.0
0,125.0,154.0
0,16.0,80.0
0,25.0,107.0
0,36.0,132.0
0,158.0,89.0
0,74.0,42.0
0,114.0,155.0
0,124.0,138.0
0,63.0,13.0
0,123.0,82.0
0,109.0,134.0
0,98.0,66.0
0,114.0,155.0
0,155.0,157.0
0,59.0,108.0
0,145.0,123.0
0,135.0,159.0
0,156.0,120.0
0,120.0,149.0
0,107.0,160.0
0,152.0,42.0
0,147.0,24.0
0,123.0,74.0
0,46.0,145.0
0,106.0,37.0
0,74.0,15.0
0,10.0,115.0
0,148.0,158.0
0,158.0,89.0
0,109.0,80.0
0,103.0,139.0
0,105.0,146.0
0,133.0,117.0
0,110.0,141.0
0,127.0,10.0
0,160.0,143.0
0,30.0,36.0
0,124.0,138.0
0,100.0,147.0
0,99.0,154.0
0,6.0,112.0
0,143.0,103.0
0,158.0,152.0
0,158.0,131.0
0,126.0,132.0
0,107.0,151.0
0,69.0,106.0
0,37.0,113.0
0,34.0,59.0
0,148.0,152.0
0,25.0,103.0
0,145.0,82.0
0,119.0,31.0
0,24.0,100.0
0,144.0,145.0
0,148.0,158.0
0,89.0,148.0
0,143.0,108.0
0,115.0,161.0
0,156.0,149.0
0,148.0,123.0
0,113.0,159.0
0,69.0,37.0
0,129.0,156.0
0,151.0,143.0
0,16.0,80.0
0,127.0,87.0
0,109.0,134.0
0,106.0,69.0
0,82.0,162.0
0,160.0,34.0
0,117.0,133.0
0,107.0,160.0
0,18.0,115.0
0,152.0,131.0
0,113.0,112.0
0,161.0,127.0
0,144.0,137.0
0,25.0,153.0
0,117.0,98.0
0,149.0,120.0
0,144.0,95.0
0,100.0,147.0
0,99.0,154.0
0,162.0,144.0
0,63.0,129.0
0,114.0,146.0
0,24.0,128.0
0,126.0,16.0
0,112.0,135.0
0,7.0,85.0
0,157.0,140.0
0,36.0,102.0
0,74.0,144.0
0,162.0,137.0
0,15.0,82.0
0,108.0,103.0
0,138.0,163.0
0,73.0,135.0
0,110.0,36.0
0,116.0,132.0
0,129.0,63.0
0,86.0,7.0
0,24.0,136.0
0,141.0,126.0
0,105.0,146.0
0,99.0,6.0
0,89.0,120.0
0,18.0,115.0
0,160.0,25.0
0,123.0,131.0
0,15.0,162.0
0,100.0,147.0
0,95.0,15.0
0,162.0,145.0
0,58.0,101.0
0,160.0,107.0
0,107.0,143.0
0,155.0,157.0
0,34.0,139.0
0,123.0,158.0
0,159.0,69.0
0,155.0,106.0
0,127.0,87.0
0,136.0,122.0
0,82.0,95.0
0,25.0,151.0
0,121.0,127.0
0,112.0,113.0
0,153.0,108.0
0,117.0,66.0
0,140.0,114.0
0,112.0,159.0
0,103.0,153.0
0,115.0,161.0
0,73.0,146.0
0,73.0,140.0
0,24.0,122.0
0,123.0,131.0
0,141.0,126.0
0,73.0,114.0
0,74.0,42.0
0,138.0,163.0
0,149.0,156.0
0,59.0,103.0
0,137.0,145.0
0,148.0,158.0
0,160.0,143.0
0,153.0,108.0
0,30.0,102.0
0,103.0,153.0
0,158.0,152.0
0,58.0,101.0
0,69.0,113.0
0,124.0,105.0
0,115.0,18.0
0,125.0,99.0
0,108.0,139.0
0,135.0,73.0
0,131.0,148.0
0,147.0,100.0
0,99.0,150.0
0,117.0,133.0
0,6.0,125.0
0,125.0,154.0
0,107.0,151.0
0,24.0,136.0
0,24.0,128.0
0,145.0,82.0
0,140.0,135.0
0,114.0,155.0
0,66.0,98.0
0,46.0,144.0
0,59.0,103.0
0,131.0,152.0
0,113.0,69.0
0,120.0,89.0
0,158.0,99.0
0,107.0,151.0
0,24.0,128.0
0,82.0,162.0
0,154.0,129.0
0,123.0,131.0
0,152.0,123.0
0,153.0,139.0
0,138.0,163.0
0,125.0,6.0
0,46.0,95.0
0,100.0,147.0
0,115.0,161.0
0,59.0,153.0
0,148.0,158.0
0,149.0,156.0
0,69.0,159.0
0,110.0,36.0
0,160.0,143.0
0,159.0,112.0
0,135.0,118.0
0,125.0,154.0
0,31.0,137.0
0,120.0,149.0
0,114.0,155.0
0,131.0,148.0
0,66.0,11.0
0,18.0,115.0
0,118.0,146.0
0,125.0,150.0
0,107.0,160.0
0,160.0,63.0
0,163.0,15.0
0,131.0,158.0
0,24.0,122.0
0,125.0,131.0
0,114.0,146.0
0,114.0,140.0
0,155.0,157.0
0,162.0,145.0
0,148.0,152.0
0,157.0,135.0
0,82.0,162.0
0,146.0,105.0
0,42.0,74.0
0,106.0,113.0
0,75.0,133.0
0,138.0,163.0
0,46.0,144.0
0,37.0,85.0
0,139.0,103.0
0,6.0,148.0
0,117.0,66.0
0,100.0,147.0
0,70.0,138.0
0,103.0,59.0
0,59.0,115.0
0,107.0,151.0
0,34.0,139.0
0,36.0,110.0
0,42.0,123.0
0,58.0,101.0
0,115.0,161.0
0,24.0,136.0
0,107.0,143.0
0,120.0,149.0
0,163.0,70.0
0,149.0,156.0
0,113.0,135.0
0,37.0,85.0
0,122.0,136.0
0,155.0,159.0
0,125.0,158.0
0,139.0,161.0
0,109.0,134.0
0,6.0,120.0
0,118.0,105.0
0,24.0,128.0
0,95.0,82.0
0,161.0,108.0
0,150.0,46.0
0,129.0,112.0
0,10.0,121.0
0,128.0,122.0
0,135.0,118.0
0,151.0,160.0
0,105.0,146.0
0,48.0,115.0
0,150.0,144.0
0,140.0,114.0
0,103.0,139.0
0,149.0,6.0
0,82.0,162.0
0,99.0,148.0
0,100.0,101.0
0,148.0,150.0
0,86.0,7.0
0,157.0,113.0
0,120.0,149.0
0,116.0,132.0
0,155.0,157.0
0,147.0,100.0
0,103.0,153.0
0,150.0,154.0
0,44.0,138.0
0,107.0,143.0
0,85.0,112.0
0,161.0,34.0
0,46.0,145.0
0,126.0,141.0
0,145.0,144.0
0,75.0,117.0
0,118.0,159.0
0,154.0,158.0
0,160.0,107.0
0,149.0,156.0
0,114.0,130.0
0,105.0,146.0
0,149.0,6.0
0,120.0,150.0
0,117.0,133.0
0,154.0,131.0
0,149.0,152.0
0,113.0,106.0
0,151.0,160.0
0,136.0,128.0
0,163.0,70.0
0,116.0,126.0
0,107.0,151.0
0,139.0,153.0
0,44.0,138.0
0,139.0,103.0
0,99.0,148.0
0,159.0,113.0
0,118.0,135.0
0,36.0,110.0
0,106.0,140.0
0,106.0,155.0
0,34.0,139.0
0,159.0,118.0
0,148.0,158.0
0,138.0,124.0
0,34.0,103.0
0,157.0,113.0
0,141.0,116.0
0,74.0,123.0
0,48.0,10.0
0,135.0,130.0
0,159.0,157.0
0,136.0,24.0
0,114.0,155.0
0,80.0,139.0
0,111.0,117.0
0,105.0,140.0
0,154.0,148.0
0,148.0,152.0
0,126.0,141.0
0,95.0,15.0
0,151.0,160.0
0,150.0,120.0
0,80.0,16.0
0,116.0,126.0
0,147.0,58.0
0,122.0,142.0
0,135.0,105.0
0,139.0,108.0
0,145.0,144.0
0,100.0,147.0
0,105.0,159.0
0,162.0,42.0
0,145.0,46.0
0,63.0,25.0
0,148.0,150.0
0,128.0,122.0
0,99.0,154.0
0,75.0,133.0
0,121.0,48.0
0,10.0,121.0
0,154.0,131.0
0,118.0,130.0
0,163.0,138.0
0,122.0,136.0
0,118.0,146.0
0,146.0,113.0
0,134.0,109.0
0,160.0,143.0
0,152.0,158.0
0,58.0,101.0
0,142.0,122.0
0,82.0,162.0
0,107.0,151.0
0,59.0,10.0
0,42.0,164.0
0,129.0,154.0
0,149.0,99.0
0,135.0,140.0
0,135.0,105.0
0,148.0,46.0
0,140.0,159.0
0,136.0,24.0
0,34.0,139.0
0,114.0,157.0
0,74.0,123.0
0,131.0,148.0
0,163.0,124.0
0,119.0,31.0
0,75.0,133.0
0,113.0,114.0
0,152.0,144.0
0,151.0,160.0
0,100.0,147.0
0,115.0,127.0
0,157.0,106.0
0,25.0,110.0
0,120.0,149.0
0,24.0,122.0
0,136.0,128.0
0,99.0,131.0
0,165.0,113.0
0,42.0,145.0
0,148.0,156.0
0,108.0,34.0
0,107.0,143.0
0,85.0,69.0
0,115.0,161.0
0,147.0,100.0
0,107.0,160.0
0,159.0,118.0
0,156.0,158.0
0,6.0,107.0
0,66.0,75.0
0,145.0,137.0
0,106.0,135.0
0,66.0,133.0
0,143.0,99.0
0,82.0,166.0
0,166.0,162.0
0,132.0,134.0
0,155.0,157.0
0,143.0,167.0
0,164.0,42.0
0,131.0,148.0
0,10.0,121.0
0,107.0,167.0
0,31.0,59.0
0,115.0,161.0
0,118.0,106.0
0,148.0,156.0
0,118.0,146.0
0,163.0,138.0
0,106.0,135.0
0,106.0,159.0
0,154.0,125.0
0,156.0,144.0
0,141.0,80.0
0,167.0,143.0
0,149.0,160.0
0,99.0,120.0
0,139.0,108.0
0,42.0,145.0
0,31.0,121.0
0,75.0,133.0
0,46.0,164.0
0,125.0,150.0
0,82.0,162.0
0,113.0,165.0
0,144.0,149.0
0,124.0,163.0
0,106.0,157.0
0,148.0,158.0
0,37.0,114.0
0,128.0,24.0
0,100.0,122.0
0,7.0,69.0
0,99.0,158.0
0,152.0,125.0
0,124.0,138.0
0,150.0,154.0
0,6.0,107.0
0,58.0,24.0
0,150.0,129.0
0,37.0,159.0
0,149.0,120.0
0,161.0,115.0
0,46.0,144.0
0,169.0,161.0
0,140.0,113.0
0,74.0,123.0
0,170.0,166.0
0,122.0,168.0
0,144.0,137.0
0,136.0,58.0
0,99.0,131.0
0,146.0,130.0
0,158.0,143.0
0,114.0,146.0
0,141.0,80.0
0,113.0,37.0
0,158.0,148.0
0,160.0,167.0
0,150.0,152.0
0,34.0,108.0
0,99.0,149.0
0,155.0,157.0
0,24.0,136.0
0,159.0,135.0
0,162.0,166.0
0,161.0,139.0
0,170.0,82.0
0,151.0,167.0
0,113.0,159.0
0,167.0,6.0
0,126.0,141.0
0,148.0,158.0
0,69.0,140.0
0,117.0,75.0
0,116.0,132.0
0,170.0,74.0
0,103.0,115.0
0,58.0,122.0
0,131.0,152.0
0,157.0,130.0
0,151.0,107.0
0,129.0,69.0
0,162.0,170.0
0,115.0,161.0
0,163.0,138.0
0,37.0,114.0
0,101.0,147.0
0,69.0,105.0
0,130.0,155.0
0,70.0,95.0
0,112.0,7.0
0,162.0,123.0
0,160.0,99.0
0,137.0,145.0
0,135.0,113.0
0,125.0,150.0
0,58.0,168.0
0,24.0,128.0
0,99.0,6.0
0,161.0,103.0
0,66.0,30.0
0,144.0,46.0
0,146.0,37.0
0,69.0,125.0
0,156.0,99.0
0,58.0,101.0
0,140.0,69.0
0,167.0,151.0
0,118.0,113.0
0,85.0,118.0
0,138.0,163.0
0,160.0,167.0
0,113.0,159.0
0,141.0,80.0
0,123.0,166.0
0,99.0,149.0
0,42.0,164.0
0,161.0,169.0
0,143.0,107.0
0,124.0,138.0
0,158.0,152.0
0,161.0,139.0
0,125.0,150.0
0,122.0,168.0
0,24.0,122.0
0,148.0,158.0
0,128.0,136.0
0,120.0,145.0
0,74.0,123.0
0,167.0,156.0
0,157.0,155.0
0,128.0,24.0
0,82.0,162.0
0,82.0,170.0
0,101.0,147.0
0,145.0,137.0
0,166.0,82.0
0,114.0,157.0
0,122.0,168.0
0,37.0,105.0
0,166.0,162.0
0,160.0,107.0
0,85.0,159.0
0,158.0,152.0
0,161.0,109.0
0,125.0,129.0
0,162.0,74.0
0,99.0,137.0
0,30.0,66.0
0,107.0,167.0
0,103.0,115.0
0,101.0,147.0
0,144.0,46.0
0,128.0,24.0
0,136.0,122.0
0,149.0,156.0
0,42.0,164.0
0,148.0,158.0
0,105.0,146.0
0,149.0,6.0
0,114.0,155.0
0,170.0,166.0
0,162.0,170.0
0,34.0,10.0
0,6.0,131.0
0,99.0,160.0
0,115.0,161.0
0,10.0,25.0
0,159.0,165.0
0,155.0,113.0
0,125.0,150.0
0,169.0,109.0
0,135.0,114.0
0,107.0,131.0
0,148.0,152.0
0,112.0,86.0
0,172.0,101.0
0,160.0,107.0
0,37.0,159.0
0,165.0,85.0
0,168.0,136.0
0,6.0,154.0
0,119.0,95.0
0,167.0,99.0
0,66.0,110.0
0,37.0,157.0
0,166.0,170.0
0,155.0,105.0
0,158.0,6.0
0,164.0,171.0
0,122.0,128.0
0,42.0,164.0
0,37.0,113.0
0,82.0,163.0
0,85.0,140.0
0,114.0,155.0
0,157.0,165.0
0,125.0,69.0
0,138.0,124.0
0,122.0,168.0
0,74.0,162.0
0,165.0,140.0
0,156.0,99.0
0,146.0,150.0
0,134.0,169.0
0,168.0,172.0
0,170.0,166.0
0,136.0,147.0
0,100.0,58.0
0,160.0,107.0
0,69.0,125.0
0,164.0,121.0
0,151.0,111.0
0,128.0,24.0
0,148.0,158.0
0,105.0,37.0
0,74.0,42.0
0,69.0,86.0
0,66.0,30.0
0,133.0,75.0
0,148.0,173.0
0,131.0,156.0
0,31.0,119.0
0,157.0,113.0
0,164.0,171.0
0,99.0,154.0
0,122.0,168.0
0,124.0,138.0
0,154.0,174.0
0,159.0,165.0
0,63.0,108.0
0,140.0,165.0
0,46.0,144.0
0,148.0,158.0
0,157.0,140.0
0,129.0,82.0
0,107.0,167.0
0,170.0,42.0
0,148.0,174.0
0,148.0,152.0
0,112.0,69.0
0,85.0,105.0
0,167.0,160.0
0,122.0,172.0
0,172.0,168.0
0,100.0,58.0
0,162.0,166.0
0,146.0,150.0
0,148.0,173.0
0,114.0,155.0
0,101.0,24.0
0,135.0,106.0
0,136.0,147.0
0,158.0,154.0
0,95.0,74.0
0,151.0,156.0
0,114.0,37.0
0,107.0,137.0
0,125.0,86.0
0,145.0,10.0
0,120.0,149.0
0,42.0,164.0
0,135.0,113.0
0,101.0,168.0
0,157.0,140.0
0,99.0,154.0
0,37.0,175.0
0,170.0,42.0
0,138.0,163.0
0,173.0,152.0
0,119.0,89.0
0,161.0,169.0
0,114.0,155.0
0,158.0,6.0
0,130.0,124.0
0,125.0,159.0
0,99.0,158.0
0,154.0,174.0
0,11.0,102.0
0,143.0,111.0
0,129.0,162.0
0,37.0,165.0
0,106.0,129.0
0,122.0,172.0
0,167.0,107.0
0,125.0,150.0
0,156.0,148.0
0,6.0,156.0
0,66.0,116.0
0,162.0,166.0
0,165.0,106.0
0,164.0,170.0
0,100.0,168.0
0,120.0,149.0
0,155.0,157.0
0,161.0,109.0
0,30.0,110.0
0,156.0,107.0
0,174.0,173.0
0,128.0,24.0
0,164.0,171.0
0,135.0,165.0
0,102.0,11.0
0,162.0,113.0
0,10.0,144.0
0,109.0,169.0
0,156.0,148.0
0,163.0,138.0
0,82.0,159.0
0,100.0,147.0
0,148.0,152.0
0,86.0,175.0
0,115.0,161.0
0,113.0,135.0
0,157.0,140.0
0,132.0,36.0
0,111.0,99.0
0,166.0,129.0
0,128.0,136.0
0,148.0,154.0
0,152.0,151.0
0,125.0,150.0
0,46.0,25.0
0,159.0,129.0
0,105.0,7.0
0,173.0,158.0
0,167.0,160.0
0,167.0,156.0
0,107.0,174.0
0,100.0,24.0
0,169.0,161.0
0,144.0,145.0
0,149.0,74.0
0,7.0,85.0
0,119.0,120.0
0,136.0,101.0
0,151.0,148.0
0,63.0,141.0
0,122.0,172.0
0,166.0,159.0
0,138.0,163.0
0,164.0,171.0
0,124.0,138.0
0,114.0,155.0
0,113.0,165.0
0,10.0,46.0
0,42.0,164.0
0,140.0,37.0
0,161.0,176.0
0,24.0,168.0
0,129.0,106.0
0,135.0,166.0
0,159.0,113.0
0,162.0,170.0
0,116.0,66.0
0,164.0,171.0
0,42.0,164.0
0,122.0,172.0
0,164.0,130.0
0,46.0,10.0
0,149.0,74.0
0,158.0,173.0
0,176.0,134.0
0,154.0,150.0
0,155.0,157.0
0,162.0,166.0
0,124.0,138.0
0,160.0,6.0
0,156.0,167.0
0,7.0,146.0
0,105.0,85.0
0,165.0,159.0
0,46.0,144.0
0,161.0,176.0
0,151.0,152.0
0,145.0,46.0
0,107.0,143.0
0,159.0,162.0
0,107.0,148.0
0,126.0,132.0
0,173.0,174.0
0,136.0,100.0
0,101.0,128.0
0,166.0,135.0
0,175.0,140.0
0,58.0,101.0
0,106.0,125.0
0,46.0,115.0
0,113.0,159.0
0,176.0,169.0
0,144.0,46.0
0,160.0,137.0
0,137.0,167.0
0,122.0,172.0
0,125.0,113.0
0,119.0,70.0
0,154.0,99.0
0,170.0,135.0
0,147.0,122.0
0,109.0,161.0
0,172.0,58.0
0,158.0,173.0
0,159.0,177.0
0,151.0,152.0
0,37.0,171.0
0,85.0,7.0
0,46.0,145.0
0,148.0,158.0
0,129.0,106.0
0,136.0,147.0
0,124.0,163.0
0,107.0,148.0
0,37.0,175.0
0,147.0,128.0
0,166.0,170.0
0,112.0,69.0
0,101.0,168.0
0,114.0,155.0
0,146.0,85.0
0,171.0,42.0
0,146.0,155.0
0,160.0,137.0
0,160.0,167.0
0,161.0,169.0
0,158.0,173.0
0,164.0,171.0
0,144.0,145.0
0,126.0,66.0
0,150.0,177.0
0,85.0,7.0
0,147.0,100.0
0,25.0,117.0
0,46.0,10.0
0,122.0,58.0
0,42.0,164.0
0,30.0,133.0
0,168.0,136.0
0,46.0,36.0
0,31.0,120.0
0,113.0,82.0
0,154.0,174.0
0,122.0,172.0
0,124.0,163.0
0,147.0,168.0
0,82.0,165.0
0,138.0,124.0
0,107.0,158.0
0,37.0,175.0
0,69.0,85.0
0,141.0,131.0
0,31.0,74.0
0,37.0,42.0
0,100.0,136.0
0,121.0,149.0
0,158.0,173.0
0,157.0,106.0
0,126.0,66.0
0,99.0,150.0
0,136.0,128.0
0,154.0,174.0
0,138.0,163.0
0,105.0,7.0
0,161.0,103.0
0,160.0,167.0
0,122.0,100.0
0,150.0,125.0
0,36.0,144.0
0,166.0,113.0
0,6.0,36.0
0,159.0,177.0
0,119.0,70.0
0,162.0,140.0
0,177.0,82.0
0,115.0,145.0
0,124.0,138.0
0,148.0,158.0
0,161.0,176.0
0,146.0,86.0
0,158.0,152.0
0,11.0,80.0
0,155.0,85.0
0,166.0,159.0
0,140.0,166.0
0,147.0,168.0
0,159.0,165.0
0,6.0,46.0
0,143.0,160.0
0,165.0,177.0
0,99.0,150.0
0,164.0,171.0
0,172.0,128.0
0,128.0,168.0
0,7.0,105.0
0,157.0,106.0
0,141.0,126.0
0,127.0,36.0
0,140.0,162.0
0,174.0,154.0
0,146.0,85.0
0,58.0,100.0
0,37.0,44.0
0,173.0,152.0
0,175.0,164.0
0,128.0,147.0
0,115.0,10.0
0,138.0,42.0
0,166.0,170.0
0,114.0,146.0
0,135.0,156.0
0,166.0,157.0
0,165.0,159.0
0,144.0,145.0
0,165.0,140.0
0,66.0,11.0
0,169.0,161.0
0,171.0,113.0
0,138.0,163.0
0,128.0,136.0
0,144.0,10.0
0,171.0,138.0
0,75.0,111.0
0,170.0,165.0
0,30.0,75.0
0,105.0,155.0
0,108.0,139.0
0,58.0,100.0
0,111.0,142.0
0,177.0,166.0
0,138.0,42.0
0,125.0,152.0
0,138.0,163.0
0,172.0,128.0
0,140.0,177.0
0,160.0,167.0
0,167.0,143.0
0,122.0,168.0
0,162.0,159.0
0,179.0,170.0
0,150.0,107.0
0,145.0,144.0
0,154.0,174.0
0,166.0,171.0
0,37.0,130.0
0,44.0,175.0
0,122.0,172.0
0,42.0,178.0
0,179.0,162.0
0,113.0,165.0
0,140.0,135.0
0,122.0,136.0
0,178.0,171.0
0,113.0,164.0
0,99.0,107.0
0,161.0,176.0
0,143.0,160.0
0,102.0,66.0
0,159.0,113.0
0,154.0,174.0
0,149.0,89.0
0,44.0,175.0
0,179.0,166.0
0,177.0,170.0
0,138.0,163.0
0,173.0,152.0
0,124.0,149.0
0,177.0,140.0
0,135.0,177.0
0,172.0,168.0
0,150.0,99.0
0,140.0,179.0
0,58.0,112.0
0,112.0,150.0
0,161.0,169.0
0,99.0,129.0
0,141.0,126.0
0,122.0,172.0
0,160.0,167.0
0,132.0,133.0
0,69.0,157.0
0,134.0,34.0
0,42.0,156.0
0,174.0,181.0
0,99.0,143.0
0,162.0,177.0
0,178.0,166.0
0,178.0,165.0
0,129.0,112.0
0,120.0,161.0
0,162.0,170.0
0,129.0,154.0
0,124.0,89.0
0,126.0,182.0
0,113.0,106.0
0,156.0,138.0
0,144.0,145.0
0,7.0,128.0
0,167.0,99.0
0,162.0,140.0
0,142.0,30.0
0,109.0,139.0
0,151.0,173.0
0,154.0,174.0
0,146.0,85.0
0,106.0,171.0
0,44.0,175.0
0,165.0,162.0
0,122.0,172.0
0,161.0,169.0
0,122.0,168.0
0,138.0,178.0
0,181.0,150.0
0,166.0,170.0
0,136.0,147.0
0,37.0,175.0
0,160.0,181.0
0,66.0,102.0
0,166.0,159.0
0,134.0,10.0
0,89.0,149.0
0,135.0,125.0
0,113.0,179.0
0,6.0,115.0
0,179.0,140.0
0,106.0,165.0
0,147.0,100.0
0,177.0,138.0
0,58.0,99.0
0,74.0,161.0
0,152.0,151.0
0,165.0,162.0
0,181.0,86.0
0,173.0,152.0
0,85.0,146.0
0,107.0,160.0
0,126.0,182.0
0,154.0,174.0
0,132.0,133.0
0,161.0,176.0
0,141.0,6.0
0,165.0,166.0
0,99.0,150.0
0,154.0,143.0
0,158.0,173.0
0,159.0,177.0
0,168.0,122.0
0,168.0,172.0
0,130.0,44.0
0,124.0,89.0
0,111.0,180.0
0,176.0,169.0
0,129.0,167.0
0,165.0,106.0
0,25.0,158.0
0,74.0,120.0
0,174.0,99.0
0,161.0,176.0
0,154.0,174.0
0,6.0,144.0
0,119.0,124.0
0,172.0,168.0
0,37.0,121.0
0,131.0,25.0
0,160.0,86.0
0,107.0,181.0
0,147.0,136.0
0,109.0,46.0
0,34.0,134.0
0,37.0,175.0
0,140.0,177.0
0,170.0,179.0
0,159.0,140.0
0,44.0,130.0
0,107.0,160.0
0,147.0,128.0
0,42.0,178.0
0,115.0,117.0
0,177.0,113.0
0,112.0,125.0
0,171.0,114.0
0,103.0,70.0
0,58.0,99.0
0,135.0,178.0
0,145.0,141.0
0,174.0,146.0
0,179.0,177.0
0,158.0,173.0
0,162.0,166.0
0,147.0,155.0
0,166.0,106.0
0,143.0,58.0
0,120.0,161.0
0,36.0,25.0
0,122.0,7.0
0,181.0,160.0
0,170.0,179.0
0,107.0,150.0
0,162.0,170.0
0,155.0,128.0
0,122.0,172.0
0,42.0,138.0
0,161.0,169.0
0,86.0,69.0
0,85.0,157.0
0,171.0,114.0
0,119.0,124.0
0,111.0,151.0
0,107.0,181.0
0,151.0,152.0
0,113.0,159.0
0,169.0,176.0
0,106.0,165.0
0,144.0,145.0
0,174.0,85.0
0,162.0,170.0
0,133.0,30.0
0,141.0,126.0
0,111.0,36.0
0,159.0,138.0
0,111.0,180.0
0,100.0,58.0
0,145.0,117.0
0,143.0,100.0
0,106.0,179.0
0,99.0,154.0
0,42.0,178.0
0,146.0,85.0
0,120.0,161.0
0,131.0,25.0
0,105.0,160.0
0,109.0,127.0
0,146.0,174.0
0,158.0,173.0
0,168.0,172.0
0,120.0,176.0
0,168.0,7.0
0,169.0,120.0
0,166.0,162.0
0,166.0,183.0
0,166.0,106.0
0,176.0,103.0
0,135.0,112.0
0,151.0,152.0
0,69.0,150.0
0,177.0,159.0
0,10.0,134.0
0,58.0,143.0
0,113.0,135.0
0,113.0,42.0
0,147.0,155.0
0,122.0,172.0
0,120.0,161.0
0,146.0,174.0
0,176.0,103.0
0,170.0,179.0
0,172.0,168.0
0,149.0,89.0
0,160.0,129.0
0,114.0,130.0
0,162.0,170.0
0,112.0,135.0
0,160.0,85.0
0,31.0,74.0
0,6.0,145.0
0,58.0,24.0
0,139.0,108.0
0,164.0,171.0
0,149.0,156.0
0,184.0,106.0
0,160.0,105.0
0,181.0,150.0
0,158.0,180.0
0,58.0,143.0
0,138.0,114.0
0,183.0,166.0
0,42.0,178.0
0,135.0,42.0
0,151.0,152.0
0,159.0,177.0
0,181.0,86.0
0,177.0,156.0
0,111.0,158.0
0,74.0,109.0
0,6.0,144.0
0,184.0,170.0
0,179.0,164.0
0,85.0,105.0
0,135.0,178.0
0,130.0,138.0
0,85.0,185.0
0,158.0,36.0
0,124.0,119.0
0,66.0,102.0
0,36.0,173.0
0,36.0,180.0
0,184.0,179.0
0,107.0,181.0
0,127.0,31.0
0,122.0,168.0
0,155.0,147.0
0,172.0,7.0
0,167.0,150.0
0,168.0,172.0
0,85.0,107.0
0,44.0,37.0
0,113.0,159.0
0,161.0,176.0
0,117.0,110.0
0,115.0,131.0
0,179.0,162.0
0,114.0,165.0
0,125.0,152.0
0,42.0,178.0
0,6.0,144.0
0,159.0,156.0
0,100.0,58.0
0,159.0,177.0
0,155.0,160.0
0,156.0,186.0
0,155.0,157.0
0,107.0,181.0
0,176.0,169.0
0,7.0,122.0
0,166.0,164.0
0,167.0,174.0
0,117.0,126.0
0,116.0,102.0
0,117.0,182.0
0,129.0,185.0
0,25.0,111.0
0,7.0,172.0
0,170.0,179.0
0,36.0,131.0
0,154.0,167.0
0,121.0,37.0
0,119.0,103.0
0,126.0,141.0
0,162.0,170.0
0,158.0,173.0
0,179.0,170.0
0,161.0,169.0
0,155.0,185.0
0,69.0,114.0
0,107.0,181.0
0,149.0,113.0
0,186.0,156.0
0,166.0,164.0
0,137.0,74.0
0,147.0,146.0
0,174.0,154.0
0,120.0,161.0
0,111.0,180.0
0,149.0,163.0
0,166.0,183.0
0,152.0,125.0
0,143.0,100.0
0,152.0,151.0
0,155.0,85.0
0,7.0,122.0
0,173.0,158.0
0,42.0,178.0
0,185.0,105.0
0,159.0,177.0
0,113.0,159.0
0,176.0,127.0
0,131.0,36.0
0,116.0,66.0
0,162.0,170.0
0,111.0,180.0
0,182.0,141.0
0,89.0,127.0
0,181.0,164.0
0,164.0,150.0
0,103.0,119.0
0,169.0,176.0
0,167.0,174.0
0,42.0,178.0
0,129.0,157.0
0,107.0,155.0
0,172.0,122.0
0,176.0,161.0
0,188.0,111.0
0,159.0,177.0
0,44.0,138.0
0,177.0,149.0
0,184.0,179.0
0,180.0,188.0
0,99.0,142.0
0,24.0,58.0
0,128.0,7.0
0,105.0,185.0
0,10.0,110.0
0,74.0,137.0
0,107.0,181.0
0,147.0,167.0
0,109.0,42.0
0,166.0,170.0
0,113.0,140.0
0,164.0,155.0
0,42.0,178.0
0,162.0,166.0
0,162.0,184.0
0,170.0,179.0
0,143.0,99.0
0,66.0,116.0
0,128.0,7.0
0,85.0,157.0
0,111.0,180.0
0,107.0,150.0
0,125.0,152.0
0,169.0,176.0
0,107.0,181.0
0,187.0,144.0
0,167.0,185.0
0,31.0,89.0
0,160.0,128.0
0,127.0,120.0
0,24.0,100.0
0,109.0,177.0
0,173.0,133.0
0,154.0,174.0
0,177.0,159.0
0,179.0,184.0
0,164.0,171.0
0,36.0,158.0
0,7.0,167.0
0,186.0,149.0
0,147.0,146.0
0,111.0,180.0
0,162.0,170.0
0,144.0,187.0
0,149.0,42.0
0,74.0,137.0
0,169.0,31.0
0,179.0,162.0
0,170.0,179.0
0,24.0,99.0
0,44.0,165.0
0,58.0,147.0
0,89.0,169.0
0,151.0,181.0
0,154.0,174.0
0,113.0,156.0
0,177.0,74.0
0,116.0,66.0
0,191.0,176.0
0,34.0,89.0
0,114.0,69.0
0,178.0,186.0
0,150.0,112.0
0,167.0,160.0
0,189.0,143.0
0,129.0,185.0
0,102.0,117.0
0,152.0,25.0
0,149.0,178.0
0,180.0,188.0
0,100.0,147.0
0,159.0,34.0
0,144.0,46.0
0,31.0,191.0
0,105.0,185.0
0,113.0,103.0
0,111.0,180.0
0,164.0,171.0
0,162.0,170.0
0,85.0,157.0
0,149.0,178.0
0,180.0,188.0
0,126.0,117.0
0,158.0,142.0
0,169.0,176.0
0,156.0,186.0
0,183.0,85.0
0,177.0,74.0
0,69.0,114.0
0,24.0,189.0
0,105.0,167.0
0,181.0,107.0
0,146.0,100.0
0,179.0,184.0
0,170.0,179.0
0,129.0,160.0
0,144.0,187.0
0,151.0,181.0
0,30.0,66.0
0,7.0,128.0
0,107.0,155.0
0,136.0,146.0
0,111.0,180.0
0,171.0,85.0
0,174.0,58.0
0,34.0,177.0
0,107.0,150.0
0,99.0,189.0
0,150.0,181.0
0,11.0,46.0
0,170.0,162.0
0,179.0,184.0
0,170.0,166.0
0,105.0,185.0
0,136.0,174.0
0,180.0,188.0
0,156.0,186.0
0,173.0,132.0
0,34.0,113.0
0,178.0,69.0
0,184.0,170.0
0,99.0,147.0
0,187.0,10.0
0,149.0,178.0
0,25.0,125.0
0,122.0,172.0
0,103.0,34.0
0,165.0,140.0
0,74.0,103.0
0,181.0,105.0
0,160.0,167.0
0,151.0,136.0
0,89.0,31.0
0,140.0,114.0
0,151.0,154.0
0,159.0,89.0
0,36.0,173.0
0,105.0,185.0
0,25.0,137.0
0,188.0,111.0
0,164.0,107.0
0,58.0,100.0
0,146.0,174.0
0,122.0,172.0
0,162.0,166.0
0,11.0,144.0
0,183.0,164.0
0,7.0,128.0
0,179.0,184.0
0,141.0,6.0
0,149.0,186.0
0,100.0,151.0
0,180.0,188.0
0,159.0,177.0
0,125.0,112.0
0,186.0,109.0
0,177.0,34.0
0,69.0,171.0
0,31.0,191.0
0,160.0,167.0
0,166.0,170.0
0,100.0,190.0
0,131.0,111.0
0,164.0,107.0
0,140.0,69.0
0,144.0,11.0
0,107.0,171.0
0,142.0,132.0
0,177.0,89.0
0,74.0,103.0
0,105.0,154.0
0,42.0,178.0
0,58.0,151.0
0,142.0,36.0
0,152.0,180.0
0,113.0,177.0
0,117.0,126.0
0,128.0,122.0
0,99.0,189.0
0,174.0,105.0
0,34.0,159.0
0,190.0,58.0
0,154.0,174.0
0,181.0,164.0
0,69.0,186.0
0,129.0,160.0
0,150.0,155.0
0,179.0,162.0
0,170.0,179.0
0,152.0,188.0
0,162.0,166.0
0,192.0,162.0
0,122.0,7.0
0,174.0,105.0
0,111.0,112.0
0,69.0,74.0
0,126.0,182.0
0,186.0,114.0
0,169.0,127.0
0,130.0,44.0
0,164.0,171.0
0,99.0,189.0
0,113.0,159.0
0,149.0,140.0
0,185.0,154.0
0,100.0,190.0
0,141.0,6.0
0,107.0,181.0
0,42.0,164.0
0,180.0,188.0
0,105.0,185.0
0,177.0,34.0
0,109.0,103.0
0,192.0,179.0
0,42.0,157.0
0,189.0,172.0
0,192.0,170.0
0,151.0,155.0
0,170.0,184.0
0,159.0,177.0
0,99.0,189.0
0,167.0,85.0
0,186.0,74.0
0,110.0,141.0
0,113.0,177.0
0,191.0,34.0
0,170.0,179.0
0,158.0,173.0
0,176.0,119.0
0,152.0,145.0
0,174.0,146.0
0,126.0,182.0
0,121.0,37.0
0,167.0,166.0
0,127.0,169.0
0,31.0,163.0
0,157.0,42.0
0,172.0,99.0
0,178.0,114.0
0,179.0,184.0
0,100.0,190.0
0,31.0,191.0
0,42.0,164.0
0,58.0,136.0
0,11.0,187.0
0,105.0,150.0
0,105.0,185.0
0,69.0,109.0
0,24.0,158.0
0,156.0,138.0
0,162.0,192.0
0,190.0,24.0
0,151.0,185.0
0,176.0,31.0
0,109.0,69.0
0,105.0,150.0
0,130.0,44.0
0,179.0,107.0
0,46.0,25.0
0,192.0,193.0
0,30.0,133.0
0,110.0,141.0
0,146.0,129.0
0,58.0,122.0
0,178.0,194.0
0,157.0,164.0
0,192.0,179.0
0,158.0,173.0
0,150.0,155.0
0,172.0,147.0
0,6.0,116.0
0,170.0,181.0
0,192.0,170.0
0,164.0,171.0
0,169.0,34.0
0,128.0,189.0
0,192.0,184.0
0,167.0,166.0
0,100.0,190.0
0,121.0,37.0
0,30.0,133.0
0,143.0,196.0
0,150.0,155.0
0,137.0,111.0
0,154.0,174.0
0,195.0,184.0
0,158.0,173.0
0,155.0,42.0
0,89.0,34.0
0,103.0,159.0
0,146.0,151.0
0,191.0,103.0
0,170.0,167.0
0,137.0,113.0
0,103.0,176.0
0,150.0,185.0
0,159.0,163.0
0,100.0,158.0
0,85.0,146.0
0,107.0,195.0
0,193.0,179.0
0,114.0,194.0
0,140.0,138.0
0,122.0,136.0
0,195.0,183.0
0,190.0,24.0
0,157.0,164.0
0,131.0,142.0
0,193.0,166.0
0,146.0,129.0
0,179.0,192.0
0,58.0,122.0
0,164.0,171.0
0,143.0,190.0
0,105.0,58.0
0,167.0,197.0
0,144.0,187.0
0,170.0,195.0
0,24.0,190.0
0,122.0,105.0
0,189.0,7.0
0,136.0,154.0
0,171.0,129.0
0,167.0,181.0
0,198.0,160.0
0,58.0,136.0
0,154.0,155.0
0,165.0,157.0
0,174.0,42.0
0,117.0,126.0
0,198.0,192.0
0,190.0,100.0
0,42.0,150.0
0,183.0,167.0
0,58.0,143.0
0,124.0,130.0
0,114.0,194.0
0,180.0,188.0
0,149.0,159.0
0,138.0,140.0
0,198.0,193.0
0,173.0,196.0
0,166.0,179.0
0,183.0,107.0
0,146.0,85.0
0,103.0,34.0
0,167.0,184.0
0,132.0,133.0
0,150.0,58.0
0,154.0,185.0
0,171.0,164.0
0,165.0,194.0
0,109.0,113.0
0,109.0,165.0
0,173.0,196.0
0,137.0,180.0
0,195.0,170.0
0,42.0,155.0
0,149.0,103.0
0,110.0,11.0
0,178.0,85.0
0,151.0,154.0
0,30.0,36.0
0,34.0,176.0
0,167.0,195.0
0,155.0,136.0
0,195.0,197.0
0,195.0,107.0
0,151.0,150.0
0,170.0,179.0
0,156.0,70.0
0,174.0,58.0
0,178.0,146.0
0,163.0,34.0
0,179.0,193.0
0,166.0,167.0
0,179.0,198.0
0,198.0,192.0
0,105.0,185.0
0,69.0,159.0
0,126.0,182.0
0,111.0,112.0
0,156.0,186.0
0,154.0,174.0
0,200.0,184.0
0,110.0,141.0
0,100.0,190.0
0,140.0,138.0
0,112.0,24.0
0,34.0,159.0
0,184.0,166.0
0,124.0,121.0
0,114.0,194.0
0,192.0,179.0
0,165.0,157.0
0,105.0,143.0
0,180.0,188.0
0,34.0,199.0
0,176.0,89.0
0,151.0,42.0
0,107.0,183.0
0,58.0,122.0
0,31.0,127.0
0,192.0,193.0
0,193.0,184.0
0,137.0,180.0
0,111.0,136.0
0,122.0,178.0
0,107.0,195.0
0,126.0,182.0
0,30.0,133.0
0,190.0,147.0
0,192.0,200.0
0,196.0,30.0
0,111.0,24.0
0,163.0,34.0
0,110.0,141.0
0,170.0,197.0
0,192.0,198.0
0,191.0,31.0
0,170.0,171.0
0,114.0,103.0
0,181.0,167.0
0,129.0,146.0
0,113.0,165.0
0,174.0,154.0
0,173.0,142.0
0,151.0,58.0
0,184.0,198.0
0,102.0,133.0
0,69.0,103.0
0,186.0,156.0
0,129.0,85.0
0,113.0,188.0
0,194.0,149.0
0,176.0,89.0
0,184.0,200.0
0,179.0,197.0
0,105.0,185.0
0,127.0,31.0
0,132.0,30.0
0,200.0,122.0
0,100.0,190.0
0,182.0,126.0
0,188.0,180.0
0,160.0,150.0
0,154.0,151.0
0,109.0,69.0
0,58.0,178.0
0,178.0,174.0
0,167.0,170.0
0,107.0,183.0
0,172.0,7.0
0,171.0,167.0
0,179.0,193.0
0,194.0,157.0
0,136.0,100.0
0,194.0,201.0
0,146.0,164.0
0,124.0,121.0
0,131.0,136.0
0,197.0,166.0
0,179.0,192.0
0,144.0,187.0
0,69.0,103.0
0,149.0,194.0
0,34.0,163.0
0,183.0,195.0
0,170.0,167.0
0,100.0,190.0
0,186.0,156.0
0,151.0,154.0
0,109.0,149.0
0,198.0,150.0
0,30.0,102.0
0,181.0,193.0
0,185.0,172.0
0,126.0,182.0
0,58.0,151.0
0,191.0,89.0
0,181.0,170.0
0,172.0,105.0
0,136.0,131.0
0,150.0,42.0
0,154.0,155.0
0,102.0,202.0
0,184.0,197.0
0,167.0,107.0
0,185.0,143.0
0,197.0,160.0
0,114.0,69.0
0,103.0,157.0
0,131.0,174.0
0,200.0,198.0
0,195.0,179.0
0,176.0,199.0
0,113.0,180.0
0,179.0,192.0
0,107.0,181.0
0,70.0,119.0
0,180.0,188.0
0,89.0,176.0
0,174.0,58.0
0,176.0,199.0
0,69.0,149.0
0,116.0,110.0
0,186.0,159.0
0,69.0,157.0
0,107.0,166.0
0,197.0,184.0
0,187.0,108.0
0,166.0,179.0
0,173.0,196.0
0,179.0,192.0
0,103.0,201.0
0,58.0,178.0
0,171.0,85.0
0,132.0,147.0
0,165.0,111.0
0,100.0,190.0
0,166.0,193.0
0,103.0,194.0
0,156.0,138.0
0,142.0,112.0
0,181.0,170.0
0,166.0,195.0
0,169.0,127.0
0,167.0,107.0
0,171.0,151.0
0,198.0,200.0
0,30.0,202.0
0,126.0,182.0
0,116.0,117.0
0,69.0,114.0
0,105.0,185.0
0,58.0,174.0
0,109.0,113.0
0,144.0,187.0
0,74.0,167.0
0,111.0,174.0
0,133.0,30.0
0,122.0,154.0
0,200.0,192.0
0,141.0,10.0
0,179.0,198.0
0,30.0,202.0
0,194.0,109.0
0,200.0,193.0
0,193.0,170.0
0,154.0,171.0
0,110.0,117.0
0,196.0,190.0
0,150.0,42.0
0,191.0,89.0
0,109.0,146.0
0,149.0,201.0
0,182.0,126.0
0,158.0,173.0
0,138.0,159.0
0,179.0,200.0
0,100.0,142.0
0,156.0,186.0
0,170.0,160.0
0,169.0,144.0
0,158.0,196.0
0,69.0,149.0
0,7.0,185.0
0,107.0,164.0
0,114.0,69.0
0,184.0,197.0
0,181.0,179.0
0,159.0,203.0
0,187.0,169.0
0,195.0,160.0
0,179.0,181.0
0,144.0,139.0
0,142.0,24.0
0,174.0,178.0
0,181.0,166.0
0,147.0,132.0
0,111.0,180.0
0,164.0,195.0
0,122.0,171.0
0,160.0,107.0
0,171.0,155.0
0,170.0,179.0
0,166.0,193.0
0,180.0,188.0
0,30.0,133.0
0,176.0,199.0
0,114.0,159.0
0,105.0,7.0
0,159.0,203.0
0,133.0,202.0
0,151.0,174.0
0,164.0,58.0
0,149.0,194.0
0,157.0,201.0
0,171.0,154.0
0,165.0,103.0
0,100.0,190.0
0,126.0,182.0
0,201.0,113.0
0,184.0,197.0
0,89.0,204.0
0,107.0,164.0
0,24.0,196.0
0,140.0,156.0
0,185.0,189.0
0,152.0,158.0
0,200.0,58.0
0,111.0,180.0
0,157.0,165.0
0,111.0,178.0
0,144.0,187.0
0,156.0,186.0
0,58.0,167.0
0,7.0,189.0
0,201.0,113.0
0,202.0,133.0
0,198.0,181.0
0,190.0,100.0
0,132.0,152.0
0,146.0,109.0
0,194.0,159.0
0,122.0,155.0
0,166.0,179.0
0,159.0,203.0
0,155.0,185.0
0,154.0,122.0
0,11.0,145.0
0,111.0,174.0
0,176.0,199.0
0,143.0,105.0
0,187.0,127.0
0,129.0,107.0
0,198.0,166.0
0,126.0,182.0
0,195.0,129.0
0,179.0,192.0
0,184.0,193.0
0,197.0,184.0
0,107.0,195.0
0,203.0,205.0
0,172.0,190.0
0,140.0,156.0
0,186.0,138.0
0,180.0,188.0
0,144.0,187.0
0,129.0,107.0
0,176.0,199.0
0,200.0,160.0
0,89.0,204.0
0,119.0,140.0
0,179.0,200.0
0,116.0,10.0
0,198.0,166.0
0,178.0,111.0
0,202.0,30.0
0,173.0,152.0
0,105.0,7.0
0,193.0,192.0
0,7.0,189.0
0,109.0,149.0
0,100.0,151.0
0,89.0,191.0
0,194.0,159.0
0,200.0,193.0
0,171.0,122.0
0,189.0,185.0
0,196.0,132.0
0,184.0,179.0
0,165.0,201.0
0,160.0,167.0
0,192.0,197.0
0,146.0,109.0
0,198.0,179.0
0,167.0,58.0
0,187.0,108.0
0,176.0,199.0
0,184.0,197.0
0,100.0,190.0
0,188.0,111.0
0,197.0,107.0
0,137.0,157.0
0,149.0,109.0
0,140.0,186.0
0,184.0,170.0
0,179.0,200.0
0,187.0,127.0
0,170.0,198.0
0,30.0,202.0
0,157.0,201.0
0,105.0,7.0
0,194.0,138.0
0,85.0,129.0
0,89.0,204.0
0,174.0,131.0
0,122.0,155.0
0,166.0,195.0
0,179.0,167.0
0,85.0,166.0
0,167.0,193.0
0,147.0,24.0
0,192.0,184.0
0,180.0,188.0
0,30.0,133.0
0,205.0,203.0
0,132.0,196.0
0,113.0,180.0
0,100.0,151.0
0,165.0,137.0
0,193.0,192.0
0,142.0,112.0
0,11.0,142.0
0,179.0,160.0
0,197.0,193.0
0,184.0,170.0
0,184.0,197.0
0,156.0,186.0
0,193.0,192.0
0,107.0,195.0
0,184.0,179.0
0,30.0,202.0
0,176.0,199.0
0,189.0,143.0
0,176.0,89.0
0,203.0,205.0
0,157.0,137.0
0,100.0,190.0
0,188.0,111.0
0,102.0,182.0
0,113.0,178.0
0,157.0,201.0
0,197.0,200.0
0,100.0,174.0
0,112.0,11.0
0,197.0,198.0
0,173.0,196.0
0,176.0,204.0
0,195.0,170.0
0,30.0,202.0
0,102.0,182.0
0,184.0,195.0
0,119.0,138.0
0,7.0,189.0
0,100.0,131.0
0,201.0,137.0
0,152.0,158.0
0,129.0,166.0
0,203.0,205.0
0,111.0,188.0
0,199.0,89.0
0,185.0,7.0
0,143.0,136.0
0,58.0,181.0
0,142.0,145.0
0,189.0,185.0
0,107.0,160.0
0,138.0,70.0
0,107.0,198.0
0,184.0,200.0
0,197.0,184.0
0,179.0,192.0
0,131.0,190.0
0,160.0,58.0
0,201.0,69.0
0,10.0,6.0
0,195.0,197.0
0,122.0,105.0
0,170.0,179.0
0,127.0,89.0
0,192.0,197.0
0,156.0,186.0
0,206.0,184.0
0,179.0,195.0
0,7.0,189.0
0,203.0,119.0
0,30.0,202.0
0,100.0,190.0
0,170.0,193.0
0,116.0,141.0
0,204.0,199.0
0,197.0,107.0
0,127.0,204.0
0,179.0,58.0
0,170.0,200.0
0,188.0,111.0
0,167.0,103.0
0,165.0,145.0
0,138.0,194.0
0,205.0,203.0
0,58.0,192.0
0,110.0,152.0
0,206.0,179.0
0,105.0,154.0
0,180.0,188.0
0,191.0,176.0
0,158.0,110.0
0,142.0,112.0
0,205.0,70.0
0,196.0,158.0
0,192.0,206.0
0,166.0,164.0
0,107.0,160.0
0,58.0,198.0
0,113.0,180.0
0,100.0,143.0
0,157.0,201.0
0,133.0,202.0
0,197.0,107.0
0,179.0,198.0
0,156.0,186.0
0,122.0,185.0
0,145.0,165.0
0,107.0,195.0
0,182.0,126.0
0,89.0,204.0
0,199.0,176.0
0,58.0,192.0
0,187.0,139.0
0,198.0,170.0
0,159.0,205.0
0,11.0,142.0
0,179.0,193.0
0,193.0,200.0
0,152.0,110.0
0,173.0,152.0
0,142.0,111.0
0,138.0,70.0
0,197.0,206.0
0,109.0,69.0
0,174.0,131.0
0,113.0,145.0
0,159.0,203.0
0,122.0,171.0
0,164.0,103.0
0,190.0,100.0
0,58.0,160.0
0,201.0,178.0
0,130.0,121.0
0,170.0,155.0
0,174.0,151.0
0,189.0,24.0
0,145.0,11.0
0,121.0,186.0
0,100.0,189.0
0,30.0,202.0
0,192.0,195.0
0,192.0,206.0
0,165.0,145.0
0,113.0,111.0
0,180.0,113.0
0,11.0,180.0
0,113.0,188.0
0,179.0,193.0
0,89.0,204.0
0,181.0,160.0
0,179.0,192.0
0,176.0,199.0
0,157.0,201.0
0,192.0,184.0
0,184.0,197.0
0,152.0,110.0
0,205.0,203.0
0,114.0,194.0
0,109.0,69.0
0,188.0,157.0
0,169.0,163.0
0,184.0,58.0
0,179.0,200.0
0,103.0,164.0
0,192.0,107.0
0,196.0,152.0
0,131.0,103.0
0,194.0,114.0
0,207.0,119.0
0,155.0,179.0
0,113.0,201.0
0,200.0,206.0
0,105.0,185.0
0,184.0,192.0
0,188.0,157.0
0,127.0,199.0
0,189.0,100.0
0,188.0,113.0
0,11.0,142.0
0,146.0,167.0
0,69.0,208.0
0,192.0,197.0
0,159.0,205.0
0,179.0,200.0
0,139.0,187.0
0,151.0,170.0
0,192.0,85.0
0,179.0,198.0
0,155.0,193.0
0,199.0,176.0
0,205.0,203.0
0,107.0,58.0
0,176.0,137.0
0,197.0,195.0
0,102.0,116.0
0,126.0,182.0
0,185.0,154.0
0,131.0,164.0
0,165.0,157.0
0,58.0,193.0
0,127.0,176.0
0,185.0,105.0
0,194.0,70.0
0,159.0,203.0
0,100.0,190.0
0,206.0,107.0
0,155.0,58.0
0,199.0,109.0
0,100.0,174.0
0,198.0,200.0
0,185.0,122.0
0,159.0,205.0
0,158.0,152.0
0,114.0,194.0
0,206.0,195.0
0,191.0,207.0
0,179.0,85.0
0,197.0,206.0
0,111.0,163.0
0,107.0,155.0
0,69.0,165.0
0,159.0,138.0
0,69.0,208.0
0,179.0,184.0
0,110.0,196.0
0,203.0,138.0
0,114.0,156.0
0,112.0,10.0
0,109.0,176.0
0,179.0,184.0
0,155.0,179.0
0,109.0,199.0
0,156.0,194.0
0,181.0,160.0
0,89.0,204.0
0,107.0,193.0
0,211.0,210.0
0,195.0,206.0
0,113.0,142.0
0,180.0,208.0
0,107.0,212.0
0,124.0,130.0
0,171.0,105.0
0,184.0,195.0
0,211.0,197.0
0,159.0,203.0
0,197.0,58.0
0,180.0,188.0
0,152.0,158.0
0,182.0,202.0
0,178.0,165.0
0,100.0,190.0
0,197.0,200.0
0,180.0,209.0
0,201.0,180.0
0,211.0,155.0
0,205.0,207.0
0,188.0,69.0
0,203.0,205.0
0,107.0,179.0
0,155.0,200.0
0,195.0,206.0
0,169.0,34.0
0,206.0,210.0
0,207.0,205.0
0,183.0,130.0
0,212.0,58.0
0,137.0,199.0
0,195.0,212.0
0,179.0,192.0
0,137.0,109.0
0,112.0,110.0
0,210.0,197.0
0,211.0,155.0
0,111.0,169.0
0,140.0,124.0
0,89.0,204.0
0,208.0,209.0
0,192.0,103.0
0,11.0,145.0
0,58.0,195.0
0,100.0,190.0
0,202.0,213.0
0,203.0,207.0
0,205.0,159.0
0,114.0,70.0
0,188.0,157.0
0,58.0,184.0
0,179.0,184.0
0,151.0,192.0
0,194.0,70.0
0,176.0,127.0
0,113.0,209.0
0,155.0,211.0
0,103.0,195.0
0,58.0,206.0
0,206.0,197.0
0,196.0,182.0
0,176.0,199.0
0,151.0,103.0
0,184.0,58.0
0,188.0,208.0
0,137.0,109.0
0,108.0,144.0
0,155.0,193.0
0,122.0,172.0
0,159.0,203.0
0,206.0,210.0
0,205.0,159.0
0,145.0,11.0
0,197.0,212.0
0,171.0,136.0
0,203.0,207.0
0,198.0,212.0
0,212.0,192.0
0,211.0,160.0
0,159.0,203.0
0,185.0,122.0
0,124.0,130.0
0,203.0,207.0
0,70.0,159.0
0,209.0,188.0
0,103.0,151.0
0,127.0,176.0
0,184.0,179.0
0,208.0,69.0
0,195.0,210.0
0,182.0,10.0
0,179.0,197.0
0,205.0,70.0
0,89.0,204.0
0,137.0,127.0
0,200.0,103.0
0,213.0,202.0
0,188.0,145.0
0,100.0,174.0
0,34.0,180.0
0,193.0,155.0
0,195.0,184.0
0,197.0,200.0
0,174.0,190.0
0,126.0,102.0
0,195.0,210.0
0,198.0,179.0
0,180.0,111.0
0,70.0,205.0
0,169.0,176.0
0,122.0,185.0
0,114.0,204.0
0,179.0,200.0
0,185.0,105.0
0,11.0,69.0
0,58.0,184.0
0,176.0,139.0
0,107.0,129.0
0,206.0,212.0
0,151.0,206.0
0,126.0,173.0
0,69.0,145.0
0,103.0,193.0
0,197.0,160.0
0,100.0,190.0
0,172.0,122.0
0,58.0,155.0
0,201.0,188.0
0,200.0,58.0
0,159.0,203.0
0,171.0,136.0
0,109.0,157.0
0,105.0,171.0
0,202.0,213.0
0,159.0,207.0
0,197.0,151.0
0,103.0,197.0
0,114.0,194.0
0,145.0,208.0
0,174.0,172.0
0,189.0,132.0
0,154.0,189.0
0,151.0,215.0
0,195.0,210.0
0,145.0,69.0
0,165.0,129.0
0,208.0,209.0
0,203.0,138.0
0,182.0,10.0
0,100.0,190.0
0,194.0,216.0
0,214.0,132.0
0,34.0,111.0
0,155.0,179.0
0,155.0,200.0
0,208.0,11.0
0,215.0,103.0
0,121.0,140.0
0,151.0,193.0
0,188.0,201.0
0,58.0,198.0
0,194.0,114.0
0,199.0,139.0
0,69.0,208.0
0,171.0,136.0
0,107.0,181.0
0,107.0,166.0
0,151.0,206.0
0,195.0,107.0
0,207.0,114.0
0,166.0,129.0
0,157.0,201.0
0,107.0,210.0
0,89.0,204.0
0,132.0,189.0
0,124.0,191.0
0,156.0,205.0
0,103.0,215.0
0,100.0,190.0
0,214.0,105.0
0,200.0,58.0
0,193.0,212.0
0,173.0,196.0
0,202.0,213.0
0,198.0,193.0
0,103.0,151.0
0,200.0,192.0
0,110.0,24.0
0,199.0,176.0
0,155.0,184.0
0,69.0,208.0
0,145.0,188.0
0,184.0,198.0
0,209.0,11.0
0,34.0,180.0
0,190.0,214.0
0,185.0,132.0
0,209.0,178.0
0,169.0,127.0
0,107.0,179.0
0,172.0,122.0
0,126.0,69.0
0,207.0,138.0
0,103.0,215.0
0,195.0,210.0
0,188.0,126.0
0,183.0,140.0
0,202.0,213.0
0,195.0,184.0
0,174.0,189.0
0,194.0,216.0
0,69.0,208.0
0,58.0,200.0
0,189.0,190.0
0,206.0,195.0
0,114.0,204.0
0,212.0,193.0
0,191.0,130.0
0,192.0,58.0
0,136.0,132.0
0,219.0,212.0
0,159.0,139.0
0,171.0,136.0
0,124.0,191.0
0,105.0,171.0
0,6.0,141.0
0,179.0,129.0
0,157.0,201.0
0,173.0,196.0
0,218.0,198.0
0,203.0,207.0
0,176.0,199.0
0,205.0,207.0
0,200.0,206.0
0,199.0,111.0
0,69.0,208.0
0,181.0,200.0
0,187.0,163.0
0,113.0,11.0
0,206.0,218.0
0,113.0,178.0
0,195.0,210.0
0,188.0,209.0
0,204.0,108.0
0,200.0,184.0
0,105.0,171.0
0,189.0,214.0
0,155.0,181.0
0,127.0,145.0
0,103.0,215.0
0,218.0,220.0
0,195.0,219.0
0,208.0,188.0
0,189.0,100.0
0,179.0,198.0
0,212.0,193.0
0,221.0,212.0
0,217.0,127.0
0,105.0,136.0
0,207.0,138.0
0,211.0,103.0
0,179.0,220.0
0,200.0,181.0
0,199.0,176.0
0,180.0,208.0
0,163.0,187.0
0,218.0,58.0
0,112.0,180.0
0,216.0,70.0
0,194.0,216.0
0,109.0,139.0
0,210.0,206.0
0,217.0,145.0
0,195.0,210.0
0,145.0,169.0
0,89.0,204.0
0,114.0,108.0
0,124.0,130.0
0,202.0,213.0
0,190.0,214.0
0,209.0,126.0
0,190.0,222.0
0,222.0,105.0
0,179.0,184.0
0,206.0,195.0
0,136.0,172.0
0,203.0,114.0
0,141.0,116.0
0,113.0,166.0
0,195.0,218.0
0,157.0,201.0
0,206.0,212.0
0,208.0,209.0
0,220.0,200.0
0,195.0,221.0
0,173.0,196.0
0,186.0,130.0
0,139.0,70.0
0,212.0,219.0
0,89.0,204.0
0,209.0,69.0
0,184.0,198.0
0,203.0,159.0
0,221.0,223.0
0,198.0,220.0
0,127.0,169.0
0,180.0,209.0
0,179.0,200.0
0,141.0,196.0
0,209.0,208.0
0,105.0,222.0
0,152.0,112.0
0,221.0,206.0
0,169.0,217.0
0,206.0,212.0
0,222.0,214.0
0,111.0,199.0
0,136.0,172.0
0,136.0,132.0
0,210.0,195.0
0,131.0,102.0
0,184.0,181.0
0,195.0,218.0
0,179.0,184.0
0,212.0,195.0
0,201.0,178.0
0,223.0,210.0
0,220.0,193.0
0,157.0,156.0
0,127.0,169.0
0,217.0,188.0
0,210.0,219.0
0,190.0,214.0
0,212.0,223.0
0,219.0,226.0
0,219.0,218.0
0,70.0,216.0
0,70.0,224.0
0,114.0,108.0
0,184.0,198.0
0,174.0,122.0
0,127.0,217.0
0,184.0,220.0
0,126.0,69.0
0,212.0,221.0
0,179.0,184.0
0,221.0,206.0
0,157.0,191.0
0,199.0,169.0
0,200.0,193.0
0,219.0,221.0
0,114.0,108.0
0,200.0,166.0
0,193.0,220.0
0,181.0,184.0
0,220.0,113.0
0,223.0,210.0
0,193.0,198.0
0,173.0,217.0
0,180.0,173.0
0,111.0,199.0
0,206.0,226.0
0,196.0,225.0
0,102.0,112.0
0,179.0,200.0
0,189.0,190.0
0,189.0,214.0
0,224.0,216.0
0,131.0,102.0
0,102.0,202.0
0,228.0,222.0
0,157.0,107.0
0,226.0,218.0
0,206.0,195.0
0,195.0,219.0
0,169.0,111.0
0,205.0,156.0
0,212.0,223.0
0,180.0,188.0
0,181.0,193.0
0,121.0,191.0
0,196.0,225.0
0,193.0,166.0
0,203.0,145.0
0,223.0,218.0
0,190.0,228.0
0,155.0,219.0
0,228.0,214.0
0,195.0,226.0
0,69.0,217.0
0,109.0,169.0
0,225.0,173.0
0,218.0,174.0
0,107.0,186.0
0,69.0,126.0
0,195.0,210.0
0,195.0,212.0
0,24.0,154.0
0,201.0,198.0
0,219.0,206.0
0,126.0,208.0
0,228.0,222.0
0,119.0,203.0
0,140.0,157.0
0,114.0,205.0
0,220.0,178.0
0,201.0,179.0
0,141.0,196.0
0,131.0,202.0
0,209.0,126.0
0,186.0,121.0
0,218.0,221.0
0,112.0,102.0
0,219.0,212.0
0,113.0,192.0
0,192.0,166.0
0,159.0,203.0
0,180.0,169.0
0,195.0,226.0
0,198.0,220.0
0,210.0,218.0
0,208.0,209.0
0,191.0,227.0
0,127.0,217.0
0,196.0,225.0
0,226.0,210.0
0,58.0,206.0
0,193.0,198.0
0,193.0,179.0
0,155.0,58.0
0,200.0,184.0
0,202.0,213.0
0,190.0,214.0
0,70.0,224.0
0,191.0,140.0
0,122.0,211.0
0,155.0,195.0
0,214.0,228.0
0,69.0,208.0
0,195.0,223.0
0,193.0,220.0
0,212.0,226.0
0,221.0,219.0
0,173.0,196.0
0,140.0,227.0
0,196.0,69.0
0,198.0,230.0
0,230.0,178.0
0,186.0,121.0
0,159.0,203.0
0,102.0,112.0
0,192.0,113.0
0,212.0,223.0
0,213.0,202.0
0,126.0,209.0
0,204.0,130.0
0,228.0,214.0
0,163.0,187.0
0,216.0,11.0
0,116.0,141.0
0,70.0,224.0
0,190.0,222.0
0,231.0,102.0
0,195.0,218.0
0,173.0,116.0
0,217.0,111.0
0,111.0,208.0
0,226.0,219.0
0,166.0,179.0
0,180.0,188.0
0,214.0,222.0
0,179.0,230.0
0,230.0,198.0
0,195.0,226.0
0,163.0,187.0
0,226.0,210.0
0,163.0,199.0
0,174.0,190.0
0,218.0,221.0
0,228.0,214.0
0,127.0,217.0
0,193.0,166.0
0,154.0,164.0
0,116.0,225.0
0,131.0,202.0
0,192.0,193.0
0,58.0,215.0
0,156.0,205.0
0,179.0,220.0
0,186.0,121.0
0,212.0,223.0
0,191.0,227.0
0,203.0,159.0
0,213.0,131.0
0,220.0,178.0
0,225.0,141.0
0,208.0,11.0
0,219.0,58.0
0,202.0,213.0
0,111.0,209.0
0,217.0,216.0
0,215.0,58.0
0,233.0,229.0
0,219.0,221.0
0,127.0,217.0
0,220.0,166.0
0,192.0,193.0
0,228.0,222.0
0,157.0,121.0
0,198.0,220.0
0,127.0,109.0
0,214.0,174.0
0,210.0,226.0
0,200.0,184.0
0,144.0,159.0
0,102.0,231.0
0,228.0,214.0
0,191.0,227.0
0,136.0,122.0
0,225.0,69.0
0,191.0,233.0
0,198.0,230.0
0,212.0,105.0
0,218.0,195.0
0,218.0,219.0
0,107.0,186.0
0,102.0,112.0
0,221.0,215.0
0,229.0,191.0
0,208.0,209.0
0,179.0,192.0
0,218.0,195.0
0,130.0,204.0
0,184.0,179.0
0,109.0,209.0
0,113.0,181.0
0,210.0,218.0
0,166.0,220.0
0,139.0,207.0
0,196.0,225.0
0,195.0,226.0
0,228.0,174.0
0,190.0,214.0
0,209.0,217.0
0,164.0,155.0
0,200.0,198.0
0,191.0,233.0
0,216.0,111.0
0,195.0,210.0
0,213.0,131.0
0,167.0,191.0
0,201.0,200.0
0,225.0,208.0
0,218.0,221.0
0,230.0,192.0
0,198.0,230.0
0,112.0,231.0
0,204.0,89.0
0,146.0,167.0
0,116.0,173.0
0,209.0,169.0
0,193.0,166.0
0,105.0,212.0
0,141.0,116.0
0,227.0,229.0
0,217.0,216.0
0,172.0,136.0
0,108.0,70.0
0,136.0,211.0
0,116.0,141.0
0,196.0,169.0
0,140.0,200.0
0,229.0,233.0
0,191.0,227.0
0,187.0,209.0
0,218.0,226.0
0,154.0,212.0
0,193.0,230.0
0,230.0,166.0
0,214.0,190.0
0,152.0,131.0
0,169.0,216.0
0,157.0,107.0
0,222.0,174.0
0,69.0,116.0
0,198.0,201.0
0,166.0,220.0
0,199.0,187.0
0,210.0,218.0
0,102.0,155.0
0,164.0,105.0
0,174.0,228.0
0,127.0,217.0
0,195.0,210.0
0,186.0,121.0
0,227.0,229.0
0,218.0,210.0
0,69.0,208.0
0,178.0,147.0
0,210.0,195.0
0,166.0,193.0
0,210.0,226.0
0,164.0,102.0
0,141.0,69.0
0,198.0,201.0
0,180.0,117.0
0,136.0,172.0
0,89.0,204.0
0,167.0,191.0
0,196.0,216.0
0,200.0,179.0
0,190.0,222.0
0,224.0,114.0
0,227.0,233.0
0,116.0,141.0
0,228.0,214.0
0,193.0,200.0
0,225.0,196.0
0,186.0,121.0
0,109.0,199.0
0,119.0,144.0
0,191.0,229.0
0,202.0,116.0
0,205.0,232.0
0,225.0,217.0
0,221.0,218.0
0,209.0,139.0
0,131.0,152.0
0,191.0,227.0
0,166.0,181.0
0,218.0,210.0
0,130.0,159.0
0,217.0,127.0
0,190.0,228.0
0,187.0,207.0
0,112.0,231.0
0,89.0,204.0
0,218.0,226.0
0,198.0,220.0
0,209.0,169.0
0,193.0,200.0
0,227.0,233.0
0,180.0,163.0
0,214.0,222.0
0,122.0,136.0
0,221.0,218.0
0,198.0,230.0
0,201.0,198.0
0,187.0,139.0
0,191.0,227.0
0,227.0,156.0
0,11.0,196.0
0,215.0,195.0
0,180.0,117.0
0,181.0,166.0
0,233.0,129.0
0,205.0,232.0
0,142.0,182.0
0,183.0,121.0
0,225.0,196.0
0,208.0,225.0
0,231.0,131.0
0,219.0,181.0
0,164.0,155.0
0,141.0,208.0
0,107.0,183.0
0,166.0,178.0
0,203.0,207.0
0,218.0,221.0
0,127.0,217.0
0,191.0,227.0
0,195.0,219.0
0,156.0,233.0
0,224.0,70.0
0,199.0,209.0
0,198.0,230.0
0,202.0,213.0
0,131.0,112.0
0,198.0,220.0
0,193.0,198.0
0,179.0,166.0
0,113.0,192.0
0,89.0,159.0
0,169.0,11.0
0,163.0,180.0
0,210.0,215.0
0,224.0,201.0
0,234.0,178.0
0,141.0,202.0
0,141.0,69.0
0,69.0,213.0
0,131.0,231.0
0,166.0,181.0
0,226.0,190.0
0,205.0,232.0
0,198.0,230.0
0,196.0,225.0
0,127.0,217.0
0,105.0,212.0
0,164.0,155.0
0,147.0,184.0
0,181.0,234.0
0,209.0,11.0
0,224.0,70.0
0,102.0,154.0
0,227.0,233.0
0,163.0,117.0
0,216.0,209.0
0,221.0,174.0
0,219.0,210.0
0,195.0,219.0
0,210.0,226.0
0,227.0,191.0
0,163.0,180.0
0,227.0,229.0
0,102.0,105.0
0,213.0,208.0
0,152.0,112.0
0,169.0,11.0
0,200.0,220.0
0,219.0,210.0
0,192.0,181.0
0,183.0,107.0
0,234.0,195.0
0,196.0,225.0
0,187.0,127.0
0,212.0,102.0
0,190.0,215.0
0,234.0,192.0
0,226.0,190.0
0,220.0,227.0
0,224.0,235.0
0,198.0,230.0
0,139.0,207.0
0,213.0,141.0
0,172.0,174.0
0,164.0,131.0
0,126.0,184.0
0,105.0,212.0
0,192.0,219.0
0,70.0,224.0
0,191.0,146.0
0,179.0,166.0
0,139.0,109.0
0,220.0,233.0
0,234.0,226.0
0,152.0,112.0
0,217.0,196.0
0,209.0,127.0
0,195.0,166.0
0,207.0,109.0
0,234.0,219.0
0,191.0,227.0
0,113.0,181.0
0,227.0,233.0
0,202.0,208.0
0,229.0,186.0
0,220.0,198.0
0,193.0,201.0
0,144.0,130.0
0,195.0,226.0
0,154.0,152.0
0,212.0,102.0
0,164.0,131.0
0,218.0,212.0
0,214.0,222.0
0,179.0,192.0
0,155.0,190.0
0,198.0,229.0
0,174.0,215.0
0,117.0,216.0
0,209.0,217.0
0,208.0,213.0
0,203.0,207.0
0,70.0,224.0
0,220.0,230.0
0,114.0,147.0
0,192.0,234.0
0,212.0,105.0
0,155.0,218.0
0,216.0,163.0
0,205.0,232.0
0,140.0,178.0
0,89.0,205.0
0,188.0,202.0
0,147.0,184.0
0,147.0,126.0
0,10.0,116.0
0,127.0,225.0
0,201.0,195.0
0,212.0,155.0
0,211.0,136.0
0,146.0,186.0
0,235.0,224.0
0,70.0,235.0
0,200.0,198.0
0,107.0,183.0
0,113.0,218.0
0,202.0,213.0
0,233.0,200.0
0,102.0,190.0
0,114.0,108.0
0,219.0,166.0
0,89.0,232.0
0,198.0,230.0
0,178.0,129.0
0,226.0,201.0
0,151.0,178.0
0,117.0,127.0
0,109.0,207.0
0,198.0,229.0
0,102.0,212.0
0,227.0,233.0
0,230.0,220.0
0,230.0,191.0
0,130.0,159.0
0,178.0,140.0
0,139.0,187.0
0,236.0,163.0
0,200.0,146.0
0,217.0,209.0
0,116.0,141.0
0,213.0,188.0
0,105.0,237.0
0,210.0,215.0
0,117.0,217.0
0,152.0,131.0
0,211.0,136.0
0,102.0,221.0
0,196.0,69.0
0,70.0,235.0
0,140.0,179.0
0,6.0,202.0
0,166.0,234.0
0,227.0,229.0
0,205.0,232.0
0,112.0,231.0
0,220.0,146.0
0,179.0,129.0
0,146.0,230.0
0,107.0,183.0
0,218.0,105.0
0,226.0,195.0
0,207.0,187.0
0,164.0,190.0
0,191.0,200.0
0,192.0,140.0
0,200.0,227.0
0,172.0,122.0
0,6.0,213.0
0,184.0,126.0
0,152.0,102.0
0,114.0,108.0
0,225.0,196.0
0,226.0,201.0
0,163.0,236.0
0,218.0,181.0
0,205.0,89.0
0,139.0,11.0
0,186.0,233.0
0,113.0,218.0
0,155.0,228.0
0,205.0,232.0
0,227.0,198.0
0,217.0,117.0
0,218.0,195.0
0,203.0,109.0
0,191.0,227.0
0,116.0,141.0
0,212.0,215.0
0,229.0,233.0
0,218.0,113.0
0,211.0,238.0
0,198.0,230.0
0,105.0,210.0
0,70.0,235.0
0,147.0,126.0
0,230.0,220.0
0,166.0,234.0
0,237.0,221.0
0,226.0,219.0
0,211.0,136.0
0,195.0,226.0
0,139.0,209.0
0,190.0,152.0
0,6.0,202.0
0,112.0,231.0
0,181.0,237.0
0,221.0,181.0
0,11.0,139.0
0,212.0,215.0
0,190.0,152.0
0,108.0,193.0
0,191.0,220.0
0,172.0,174.0
0,218.0,219.0
0,191.0,227.0
0,129.0,146.0
0,119.0,205.0
0,220.0,230.0
0,237.0,226.0
0,140.0,151.0
0,215.0,222.0
0,237.0,218.0
0,233.0,229.0
0,164.0,181.0
0,6.0,202.0
0,144.0,109.0
0,154.0,112.0
0,174.0,155.0
0,192.0,179.0
0,226.0,195.0
0,238.0,136.0
0,166.0,234.0
0,225.0,208.0
0,70.0,235.0
0,196.0,199.0
0,210.0,221.0
0,130.0,144.0
0,144.0,119.0
0,112.0,190.0
0,200.0,191.0
0,166.0,179.0
0,127.0,217.0
0,229.0,233.0
0,122.0,136.0
0,232.0,205.0
0,209.0,139.0
0,237.0,221.0
0,136.0,238.0
0,226.0,210.0
0,216.0,202.0
0,208.0,240.0
0,192.0,166.0
0,147.0,193.0
0,218.0,237.0
0,70.0,235.0
0,228.0,164.0
0,203.0,130.0
0,164.0,152.0
0,215.0,239.0
0,188.0,117.0
0,174.0,172.0
0,166.0,234.0
0,105.0,212.0
0,218.0,221.0
0,163.0,236.0
0,195.0,237.0
0,129.0,151.0
0,139.0,196.0
0,222.0,152.0
0,144.0,130.0
0,208.0,240.0
0,119.0,144.0
0,210.0,226.0
0,220.0,198.0
0,193.0,113.0
0,152.0,164.0
0,152.0,239.0
0,136.0,122.0
0,147.0,114.0
0,154.0,228.0
0,122.0,238.0
0,227.0,229.0
0,180.0,188.0
0,146.0,140.0
0,205.0,232.0
0,221.0,210.0
0,235.0,224.0
0,183.0,121.0
0,112.0,190.0
0,127.0,180.0
0,192.0,155.0
0,195.0,108.0
0,198.0,230.0
0,216.0,202.0
0,112.0,231.0
0,70.0,235.0
0,227.0,229.0
0,207.0,169.0
0,178.0,200.0
0,237.0,226.0
0,213.0,117.0
0,225.0,116.0
0,218.0,164.0
0,237.0,126.0
0,222.0,239.0
0,192.0,212.0
0,219.0,113.0
0,70.0,224.0
0,109.0,207.0
0,102.0,181.0
0,152.0,218.0
0,163.0,188.0
0,199.0,163.0
0,208.0,69.0
0,164.0,152.0
0,129.0,230.0
0,191.0,201.0
0,69.0,240.0
0,166.0,179.0
0,217.0,127.0
0,210.0,237.0
0,155.0,234.0
0,130.0,109.0
0,201.0,227.0
0,212.0,105.0
0,108.0,210.0
0,198.0,220.0
0,216.0,202.0
0,114.0,11.0
0,222.0,221.0
0,199.0,236.0
0,198.0,151.0
0,213.0,117.0
0,213.0,202.0
0,222.0,237.0
0,231.0,112.0
0,113.0,229.0
0,226.0,108.0
0,130.0,203.0
0,166.0,179.0
0,212.0,155.0
0,105.0,192.0
0,155.0,215.0
0,152.0,218.0
0,69.0,208.0
0,211.0,136.0
0,190.0,228.0
0,230.0,198.0
0,10.0,231.0
0,109.0,187.0
0,198.0,220.0
0,208.0,242.0
0,70.0,224.0
0,164.0,221.0
0,237.0,164.0
0,130.0,207.0
0,126.0,195.0
0,210.0,126.0
0,11.0,114.0
0,205.0,232.0
0,127.0,188.0
0,113.0,241.0
0,105.0,212.0
0,242.0,240.0
0,215.0,239.0
0,183.0,121.0
0,229.0,241.0
0,234.0,140.0
0,130.0,187.0
0,199.0,236.0
0,163.0,199.0
0,108.0,195.0
0,233.0,191.0
0,208.0,69.0
0,227.0,200.0
0,195.0,226.0
0,208.0,209.0
0,216.0,188.0
0,226.0,210.0
0,152.0,218.0
0,144.0,109.0
0,209.0,240.0
0,219.0,193.0
0,144.0,205.0
0,213.0,202.0
0,241.0,147.0
0,136.0,211.0
0,240.0,242.0
0,231.0,228.0
0,174.0,105.0
0,205.0,232.0
0,218.0,164.0
0,174.0,192.0
0,164.0,237.0
0,179.0,178.0
0,126.0,226.0
0,130.0,232.0
0,201.0,241.0
0,203.0,207.0
0,208.0,225.0
0,196.0,180.0
0,204.0,205.0
0,217.0,216.0
0,136.0,192.0
0,240.0,242.0
0,231.0,190.0
0,227.0,233.0
0,211.0,136.0
0,69.0,209.0
0,117.0,213.0
0,139.0,114.0
0,163.0,236.0
0,210.0,229.0
0,147.0,195.0
0,199.0,163.0
0,164.0,218.0
0,218.0,237.0
0,112.0,228.0
0,215.0,239.0
0,226.0,108.0
0,207.0,169.0
0,228.0,231.0
0,230.0,151.0
0,190.0,112.0
0,217.0,188.0
0,227.0,229.0
0,203.0,169.0
0,226.0,108.0
0,225.0,240.0
0,190.0,228.0
0,166.0,234.0
0,112.0,231.0
0,227.0,233.0
0,199.0,163.0
0,69.0,196.0
0,233.0,241.0
0,109.0,130.0
0,218.0,237.0
0,244.0,225.0
0,220.0,70.0
0,198.0,220.0
0,215.0,239.0
0,144.0,204.0
0,69.0,11.0
0,208.0,209.0
0,244.0,240.0
0,198.0,191.0
0,228.0,190.0
0,227.0,229.0
0,191.0,227.0
0,163.0,236.0
0,117.0,202.0
0,242.0,219.0
0,169.0,187.0
0,69.0,225.0
0,244.0,180.0
0,163.0,130.0
0,198.0,220.0
0,229.0,233.0
0,109.0,169.0
0,245.0,210.0
0,164.0,108.0
0,243.0,179.0
0,209.0,244.0
0,174.0,172.0
0,236.0,203.0
0,237.0,152.0
0,114.0,139.0
0,229.0,241.0
0,243.0,212.0
0,231.0,112.0
0,238.0,174.0
0,198.0,230.0
0,218.0,237.0
0,151.0,200.0
0,159.0,144.0
0,151.0,140.0
0,196.0,69.0
0,205.0,109.0
0,184.0,154.0
0,188.0,116.0
0,209.0,208.0
0,187.0,207.0
0,204.0,159.0
0,227.0,229.0
0,202.0,213.0
0,163.0,236.0
0,220.0,140.0
0,108.0,164.0
0,117.0,216.0
0,191.0,233.0
0,244.0,180.0
0,146.0,155.0
0,181.0,184.0
0,233.0,241.0
0,195.0,193.0
0,219.0,139.0
0,228.0,190.0
0,179.0,212.0
0,242.0,219.0
0,116.0,188.0
0,187.0,130.0
0,139.0,114.0
0,230.0,227.0
0,155.0,234.0
0,184.0,154.0
0,236.0,203.0
0,209.0,217.0
0,187.0,207.0
0,151.0,198.0
0,227.0,191.0
0,222.0,181.0
0,69.0,11.0
0,151.0,178.0
0,215.0,239.0
0,198.0,230.0
0,243.0,151.0
0,219.0,139.0
0,228.0,10.0
0,215.0,212.0
0,108.0,222.0
0,230.0,243.0
0,226.0,193.0
0,211.0,105.0
0,163.0,236.0
0,215.0,179.0
0,203.0,207.0
0,230.0,191.0
0,184.0,126.0
0,209.0,244.0
0,204.0,159.0
0,239.0,215.0
0,218.0,237.0
0,200.0,229.0
0,245.0,220.0
0,221.0,164.0
0,198.0,200.0
0,225.0,69.0
0,198.0,230.0
0,217.0,209.0
0,240.0,208.0
0,114.0,147.0
0,229.0,241.0
0,216.0,213.0
0,207.0,199.0
0,112.0,102.0
0,130.0,246.0
0,180.0,240.0
0,172.0,238.0
0,146.0,234.0
0,227.0,233.0
0,114.0,247.0
0,178.0,245.0
0,190.0,228.0
0,231.0,190.0
0,169.0,196.0
0,220.0,233.0
0,217.0,244.0
0,129.0,156.0
0,238.0,172.0
0,245.0,200.0
0,218.0,220.0
0,243.0,198.0
0,114.0,147.0
0,141.0,142.0
0,200.0,229.0
0,241.0,245.0
0,226.0,201.0
0,236.0,187.0
0,191.0,227.0
0,69.0,225.0
0,192.0,234.0
0,147.0,226.0
0,220.0,152.0
0,142.0,6.0
0,229.0,241.0
0,248.0,140.0
0,114.0,219.0
0,226.0,247.0
0,179.0,221.0
0,203.0,130.0
0,215.0,179.0
0,242.0,208.0
0,102.0,181.0
0,218.0,237.0
0,241.0,243.0
0,228.0,112.0
0,146.0,192.0
0,111.0,169.0
0,139.0,226.0
0,227.0,233.0
0,221.0,239.0
0,139.0,247.0
0,240.0,242.0
0,229.0,245.0
0,237.0,212.0
0,70.0,121.0
0,212.0,218.0
0,102.0,126.0
0,151.0,155.0
0,203.0,207.0
0,200.0,227.0
0,218.0,248.0
0,233.0,220.0
0,144.0,159.0
0,247.0,147.0
0,220.0,241.0
0,199.0,109.0
0,187.0,236.0
0,200.0,220.0
0,249.0,245.0
0,240.0,242.0
0,218.0,237.0
0,209.0,244.0
0,203.0,207.0
0,211.0,146.0
0,152.0,239.0
0,245.0,227.0
0,226.0,114.0
0,205.0,187.0
0,126.0,108.0
0,117.0,142.0
0,220.0,210.0
0,111.0,11.0
0,130.0,199.0
0,232.0,89.0
0,226.0,247.0
0,220.0,178.0
0,218.0,248.0
0,210.0,243.0
0,146.0,105.0
0,195.0,219.0
0,229.0,191.0
0,229.0,241.0
0,191.0,233.0
0,233.0,249.0
0,209.0,244.0
0,121.0,70.0
0,189.0,238.0
0,245.0,233.0
0,203.0,207.0
0,108.0,181.0
0,227.0,229.0
0,242.0,240.0
0,184.0,108.0
0,239.0,215.0
0,245.0,241.0
0,237.0,200.0
0,178.0,193.0
0,183.0,156.0
0,178.0,218.0
0,191.0,227.0
0,218.0,237.0
0,215.0,222.0
0,212.0,245.0
0,11.0,196.0
0,140.0,221.0
0,220.0,210.0
0,237.0,243.0
0,6.0,117.0
0,187.0,236.0
0,195.0,219.0
0,154.0,181.0
0,102.0,112.0
0,212.0,241.0
0,102.0,231.0
0,234.0,211.0
0,174.0,189.0
0,130.0,246.0
0,240.0,213.0
0,250.0,151.0
0,240.0,242.0
0,178.0,243.0
0,248.0,233.0
0,249.0,250.0
0,248.0,220.0
0,144.0,11.0
0,229.0,218.0
0,241.0,249.0
0,250.0,227.0
0,114.0,226.0
0,243.0,229.0
0,226.0,247.0
0,155.0,234.0
0,204.0,144.0
0,180.0,127.0
0,199.0,109.0
0,204.0,89.0
0,209.0,244.0
0,215.0,239.0
0,187.0,205.0
0,108.0,154.0
0,69.0,169.0
0,216.0,217.0
0,218.0,212.0
0,212.0,237.0
0,126.0,164.0
0,187.0,236.0
0,222.0,140.0
0,114.0,247.0
0,164.0,184.0
0,154.0,181.0
0,195.0,219.0
0,245.0,249.0
0,152.0,222.0
0,151.0,230.0
0,240.0,213.0
0,218.0,248.0
0,243.0,241.0
0,174.0,189.0
0,250.0,212.0
0,243.0,229.0
0,239.0,139.0
0,233.0,245.0
0,130.0,199.0
0,112.0,231.0
0,246.0,207.0
0,237.0,233.0
0,225.0,208.0
0,209.0,244.0
0,233.0,227.0
0,236.0,203.0
0,155.0,234.0
0,187.0,205.0
0,204.0,89.0
0,117.0,6.0
0,130.0,246.0
0,239.0,126.0
0,240.0,195.0
0,219.0,69.0
0,184.0,126.0
0,169.0,195.0
0,215.0,239.0
0,225.0,240.0
0,205.0,207.0
0,243.0,248.0
0,225.0,219.0
0,250.0,151.0
0,102.0,10.0
0,205.0,199.0
0,241.0,237.0
0,114.0,247.0
0,242.0,251.0
0,178.0,218.0
0,229.0,241.0
0,241.0,193.0
0,212.0,230.0
0,117.0,217.0
0,227.0,250.0
0,233.0,249.0
0,151.0,227.0
0,208.0,225.0
0,218.0,243.0
0,213.0,209.0
0,174.0,189.0
0,211.0,152.0
0,233.0,245.0
0,208.0,69.0
0,209.0,244.0
0,215.0,164.0
0,193.0,245.0
0,114.0,226.0
0,215.0,239.0
0,244.0,251.0
0,198.0,230.0
0,184.0,102.0
0,225.0,219.0
0,212.0,105.0
0,205.0,207.0
0,10.0,228.0
0,201.0,210.0
0,151.0,250.0
0,102.0,190.0
0,207.0,236.0
0,233.0,193.0
0,242.0,209.0
0,225.0,240.0
0,242.0,244.0
0,221.0,152.0
0,232.0,187.0
0,244.0,213.0
0,154.0,231.0
0,237.0,218.0
0,225.0,69.0
0,233.0,241.0
0,130.0,246.0
0,247.0,114.0
0,229.0,212.0
0,178.0,224.0
0,234.0,221.0
0,252.0,222.0
0,169.0,208.0
0,201.0,243.0
0,238.0,122.0
0,140.0,211.0
0,233.0,249.0
0,208.0,240.0
0,210.0,201.0
0,253.0,251.0
0,227.0,250.0
0,241.0,245.0
0,252.0,221.0
0,121.0,224.0
0,209.0,244.0
0,11.0,89.0
0,242.0,225.0
0,195.0,208.0
0,152.0,252.0
0,220.0,210.0
0,184.0,231.0
0,249.0,218.0
0,154.0,228.0
0,201.0,220.0
0,117.0,217.0
0,219.0,169.0
0,195.0,219.0
0,207.0,205.0
0,151.0,146.0
0,193.0,218.0
0,114.0,247.0
0,227.0,105.0
0,229.0,140.0
0,140.0,245.0
0,213.0,219.0
0,195.0,240.0
0,232.0,207.0
0,140.0,254.0
0,254.0,241.0
0,208.0,242.0
0,146.0,155.0
0,108.0,164.0
0,122.0,238.0
0,169.0,208.0
0,205.0,187.0
0,251.0,225.0
0,218.0,201.0
0,114.0,210.0
0,130.0,246.0
0,227.0,250.0
0,189.0,174.0
0,201.0,237.0
0,251.0,213.0
0,243.0,233.0
0,217.0,116.0
0,207.0,236.0
0,112.0,231.0
0,248.0,229.0
0,184.0,228.0
0,226.0,69.0
0,244.0,209.0
0,241.0,249.0
0,178.0,243.0
0,117.0,142.0
0,152.0,252.0
0,229.0,241.0
0,248.0,200.0
0,164.0,108.0
0,241.0,245.0
0,184.0,228.0
0,199.0,207.0
0,236.0,232.0
0,238.0,172.0
0,209.0,213.0
0,205.0,246.0
0,239.0,190.0
0,219.0,225.0
0,69.0,169.0
0,140.0,212.0
0,179.0,152.0
0,227.0,250.0
0,209.0,251.0
0,215.0,239.0
0,213.0,244.0
0,201.0,248.0
0,229.0,254.0
0,240.0,180.0
0,211.0,179.0
0,211.0,221.0
0,210.0,247.0
0,246.0,187.0
0,249.0,245.0
0,200.0,218.0
0,102.0,190.0
0,238.0,234.0
0,245.0,229.0
0,114.0,237.0
0,244.0,251.0
0,232.0,207.0
0,178.0,243.0
0,227.0,105.0
0,249.0,212.0
0,127.0,253.0
0,229.0,254.0
0,117.0,116.0
0,172.0,255.0
0,229.0,241.0
0,251.0,209.0
0,11.0,109.0
0,219.0,226.0
0,130.0,246.0
0,217.0,117.0
0,240.0,219.0
0,247.0,210.0
0,219.0,208.0
0,226.0,242.0
0,242.0,225.0
0,112.0,154.0
0,212.0,229.0
0,152.0,252.0
0,114.0,247.0
0,212.0,245.0
0,228.0,184.0
0,126.0,112.0
0,155.0,146.0
0,127.0,253.0
0,201.0,210.0
0,200.0,237.0
0,219.0,208.0
0,200.0,220.0
0,212.0,254.0
0,151.0,222.0
0,232.0,246.0
0,208.0,240.0
0,199.0,202.0
0,244.0,209.0
0,227.0,250.0
0,232.0,130.0
0,172.0,255.0
0,233.0,178.0
0,105.0,140.0
0,243.0,121.0
0,241.0,249.0
0,212.0,227.0
0,251.0,127.0
0,202.0,203.0
0,249.0,212.0
0,200.0,248.0
0,130.0,11.0
0,108.0,201.0
0,213.0,69.0
0,218.0,237.0
0,114.0,247.0
0,179.0,211.0
0,227.0,250.0
0,247.0,169.0
0,180.0,208.0
0,130.0,246.0
0,152.0,252.0
0,243.0,248.0
0,212.0,229.0
0,222.0,151.0
0,253.0,213.0
0,228.0,184.0
0,216.0,127.0
0,201.0,210.0
0,245.0,212.0
0,213.0,251.0
0,240.0,242.0
0,255.0,228.0
0,102.0,154.0
0,254.0,249.0
0,241.0,121.0
0,212.0,254.0
0,232.0,205.0
0,117.0,116.0
0,234.0,122.0
0,227.0,256.0
0,127.0,253.0
0,253.0,251.0
0,218.0,237.0
0,218.0,248.0
0,240.0,208.0
0,112.0,154.0
0,201.0,210.0
0,152.0,252.0
0,220.0,212.0
0,209.0,213.0
0,226.0,225.0
0,254.0,249.0
0,220.0,245.0
0,228.0,184.0
0,178.0,243.0
0,250.0,227.0
0,241.0,220.0
0,218.0,178.0
0,187.0,202.0
0,245.0,254.0
0,243.0,233.0
0,234.0,122.0
0,213.0,216.0
0,180.0,240.0
0,208.0,181.0
0,130.0,246.0
0,221.0,105.0
0,121.0,243.0
0,205.0,232.0
0,195.0,226.0
0,212.0,254.0
0,233.0,178.0
0,213.0,251.0
0,200.0,218.0
0,209.0,244.0
0,245.0,248.0
0,184.0,252.0
0,250.0,227.0
0,218.0,237.0
0,195.0,225.0
0,181.0,242.0
0,247.0,169.0
0,255.0,172.0
0,102.0,231.0
0,251.0,253.0
0,142.0,117.0
0,130.0,246.0
0,216.0,69.0
0,211.0,152.0
0,224.0,70.0
0,241.0,229.0
0,209.0,210.0
0,220.0,245.0
0,127.0,208.0
0,207.0,187.0
0,116.0,217.0
0,215.0,184.0
0,122.0,228.0
0,227.0,256.0
0,169.0,114.0
0,233.0,200.0
0,213.0,253.0
0,241.0,249.0
0,169.0,247.0
0,11.0,246.0
0,256.0,250.0
0,222.0,151.0
0,253.0,69.0
0,121.0,111.0
0,252.0,228.0
0,102.0,112.0
0,237.0,233.0
0,249.0,229.0
0,239.0,126.0
0,209.0,201.0
0,152.0,172.0
0,200.0,243.0
0,248.0,237.0
0,189.0,174.0
0,130.0,202.0
0,225.0,195.0
0,187.0,203.0
0,201.0,244.0
0,207.0,187.0
0,226.0,181.0
0,249.0,245.0
0,213.0,251.0
0,240.0,180.0
0,237.0,200.0
0,205.0,232.0
0,252.0,234.0
0,211.0,252.0
0,227.0,256.0
0,258.0,231.0
0,130.0,11.0
0,248.0,218.0
0,243.0,237.0
0,224.0,129.0
0,241.0,257.0
0,116.0,117.0
0,251.0,209.0
0,151.0,222.0
0,259.0,258.0
0,215.0,184.0
0,227.0,250.0
0,69.0,251.0
0,249.0,254.0
0,202.0,246.0
0,252.0,211.0
0,105.0,140.0
0,243.0,248.0
0,130.0,205.0
0,184.0,239.0
0,187.0,11.0
0,201.0,108.0
0,221.0,249.0
0,11.0,130.0
0,241.0,245.0
0,256.0,241.0
0,209.0,253.0
0,227.0,256.0
0,178.0,169.0
0,259.0,231.0
0,114.0,247.0
0,126.0,172.0
0,245.0,229.0
0,212.0,164.0
0,227.0,250.0
0,241.0,245.0
0,243.0,178.0
0,105.0,192.0
0,226.0,242.0
0,237.0,243.0
0,211.0,255.0
0,215.0,239.0
0,258.0,112.0
0,245.0,212.0
0,117.0,142.0
0,218.0,237.0
0,225.0,144.0
0,259.0,231.0
0,238.0,122.0
0,246.0,187.0
0,218.0,248.0
0,178.0,233.0
0,199.0,203.0
0,241.0,249.0
0,231.0,215.0
0,227.0,210.0
0,69.0,213.0
0,11.0,207.0
0,198.0,230.0
0,180.0,181.0
0,111.0,204.0
0,202.0,232.0
0,152.0,164.0
0,207.0,130.0
0,114.0,247.0
0,169.0,108.0
0,187.0,202.0
0,209.0,244.0
0,172.0,126.0
0,249.0,257.0
0,117.0,116.0
0,231.0,258.0
0,227.0,256.0
0,183.0,70.0
0,253.0,213.0
0,255.0,211.0
0,204.0,111.0
0,250.0,227.0
0,146.0,140.0
0,200.0,108.0
0,227.0,256.0
0,116.0,142.0
0,205.0,130.0
0,219.0,226.0
0,244.0,209.0
0,114.0,247.0
0,258.0,260.0
0,172.0,255.0
0,238.0,122.0
0,253.0,251.0
0,249.0,257.0
0,164.0,146.0
0,245.0,212.0
0,217.0,102.0
0,202.0,232.0
0,11.0,205.0
0,112.0,258.0
0,260.0,112.0
0,215.0,231.0
0,181.0,216.0
0,192.0,105.0
0,248.0,237.0
0,130.0,202.0
0,227.0,250.0
0,207.0,205.0
0,245.0,146.0
0,122.0,238.0
0,205.0,203.0
0,241.0,249.0
0,187.0,246.0
0,224.0,70.0
0,249.0,257.0
0,172.0,252.0
0,164.0,212.0
0,252.0,255.0
0,239.0,184.0
0,69.0,213.0
0,233.0,169.0
0,259.0,112.0
0,70.0,183.0
0,232.0,202.0
0,251.0,253.0
0,112.0,260.0
0,152.0,211.0
0,237.0,227.0
0,213.0,251.0
0,207.0,180.0
0,209.0,69.0
0,255.0,179.0
0,213.0,244.0
0,202.0,187.0
0,246.0,130.0
0,227.0,248.0
0,192.0,241.0
0,129.0,224.0
0,218.0,227.0
0,70.0,129.0
0,250.0,210.0
0,213.0,209.0
0,203.0,207.0
0,181.0,240.0
0,111.0,121.0
0,209.0,253.0
0,202.0,246.0
0,164.0,172.0
0,246.0,130.0
0,192.0,249.0
0,241.0,257.0
0,245.0,254.0
0,117.0,190.0
0,204.0,178.0
0,225.0,233.0
0,231.0,259.0
0,184.0,112.0
0,105.0,155.0
0,141.0,117.0
0,259.0,215.0
0,178.0,243.0
0,229.0,230.0
0,112.0,260.0
0,232.0,246.0
0,218.0,227.0
0,227.0,256.0
0,190.0,141.0
0,174.0,222.0
0,183.0,224.0
0,241.0,249.0
0,152.0,126.0
0,199.0,180.0
0,151.0,155.0
0,181.0,244.0
0,249.0,257.0
0,245.0,254.0
0,213.0,209.0
0,146.0,179.0
0,231.0,259.0
0,199.0,203.0
0,254.0,140.0
0,217.0,190.0
0,178.0,243.0
0,191.0,70.0
0,112.0,260.0
0,114.0,196.0
0,209.0,251.0
0,146.0,172.0
0,112.0,239.0
0,260.0,258.0
0,220.0,121.0
0,205.0,130.0
0,117.0,102.0
0,238.0,211.0
0,130.0,246.0
0,252.0,152.0
0,207.0,219.0
0,199.0,203.0
0,11.0,130.0
0,232.0,11.0
0,225.0,111.0
0,227.0,250.0
0,229.0,241.0
0,211.0,238.0
0,140.0,245.0
0,200.0,209.0
0,245.0,254.0
0,146.0,172.0
0,260.0,258.0
0,190.0,142.0
0,155.0,222.0
0,247.0,114.0
0,179.0,169.0
0,117.0,102.0
0,249.0,257.0
0,231.0,259.0
0,130.0,180.0
0,258.0,239.0
0,239.0,112.0
0,121.0,262.0
0,169.0,261.0
0,225.0,247.0
0,204.0,108.0
0,200.0,209.0
0,180.0,219.0
0,234.0,122.0
0,219.0,11.0
0,111.0,247.0
0,261.0,237.0
0,231.0,259.0
0,154.0,102.0
0,146.0,261.0
0,152.0,252.0
0,142.0,190.0
0,240.0,242.0
0,130.0,202.0
0,112.0,260.0
0,187.0,205.0
0,112.0,258.0
0,70.0,191.0
0,210.0,229.0
0,245.0,254.0
0,121.0,262.0
0,261.0,179.0
0,225.0,114.0
0,105.0,155.0
0,227.0,146.0
0,180.0,203.0
0,169.0,179.0
0,200.0,209.0
0,227.0,237.0
0,178.0,243.0
0,252.0,164.0
0,117.0,154.0
0,225.0,111.0
0,121.0,262.0
0,202.0,187.0
0,244.0,201.0
0,114.0,247.0
0,234.0,260.0
0,261.0,172.0
0,191.0,70.0
0,112.0,234.0
0,89.0,144.0
0,209.0,213.0
0,253.0,127.0
0,130.0,246.0
0,202.0,205.0
0,245.0,254.0
0,196.0,225.0
0,121.0,263.0
0,154.0,102.0
0,246.0,232.0
0,179.0,261.0
0,249.0,257.0
0,248.0,169.0
0,205.0,187.0
0,111.0,247.0
0,141.0,190.0
0,130.0,246.0
0,234.0,258.0
0,127.0,200.0
0,258.0,112.0
0,253.0,209.0
0,229.0,262.0
0,229.0,263.0
0,222.0,155.0
0,111.0,114.0
0,146.0,237.0
0,226.0,240.0
0,230.0,249.0
0,237.0,227.0
0,249.0,257.0
0,112.0,260.0
0,261.0,172.0
0,256.0,248.0
0,121.0,243.0
0,200.0,213.0
0,250.0,256.0
0,205.0,202.0
0,262.0,121.0
0,210.0,192.0
0,246.0,195.0
0,219.0,205.0
0,130.0,246.0
0,152.0,252.0
0,178.0,243.0
0,200.0,253.0
0,127.0,200.0
0,219.0,207.0
0,231.0,259.0
0,112.0,234.0
0,243.0,121.0
0,232.0,202.0
0,237.0,250.0
0,256.0,140.0
0,240.0,226.0
0,156.0,249.0
0,195.0,130.0
0,207.0,203.0
0,256.0,248.0
0,11.0,216.0
0,241.0,210.0
0,250.0,256.0
0,249.0,257.0
0,210.0,192.0
0,256.0,146.0
0,127.0,213.0
0,179.0,261.0
0,191.0,129.0
0,201.0,199.0
0,201.0,181.0
0,243.0,262.0
0,258.0,112.0
0,89.0,144.0
0,212.0,211.0
0,222.0,174.0
0,262.0,263.0
0,203.0,187.0
0,126.0,258.0
0,263.0,229.0
0,244.0,200.0
0,213.0,253.0
0,180.0,205.0
0,246.0,195.0
0,189.0,164.0
0,152.0,252.0
0,203.0,202.0
0,230.0,198.0
0,232.0,226.0
0,232.0,265.0
0,224.0,196.0
0,151.0,189.0
0,237.0,250.0
0,212.0,211.0
0,200.0,127.0
0,248.0,266.0
0,142.0,217.0
0,69.0,240.0
0,211.0,254.0
0,201.0,199.0
0,210.0,267.0
0,112.0,184.0
0,122.0,260.0
0,252.0,264.0
0,215.0,102.0
0,244.0,213.0
0,142.0,217.0
0,242.0,108.0
0,89.0,144.0
0,130.0,246.0
0,180.0,195.0
0,249.0,198.0
0,229.0,243.0
0,155.0,211.0
0,202.0,226.0
0,192.0,245.0
0,198.0,220.0
0,112.0,258.0
0,254.0,179.0
0,152.0,151.0
0,222.0,174.0
0,210.0,267.0
0,243.0,262.0
0,231.0,259.0
0,258.0,260.0
0,209.0,248.0
0,264.0,152.0
0,152.0,252.0
0,213.0,181.0
0,257.0,249.0
0,146.0,256.0
0,11.0,199.0
0,234.0,126.0
0,213.0,253.0
0,198.0,257.0
0,195.0,202.0
0,196.0,224.0
0,178.0,209.0
0,121.0,241.0
0,209.0,255.0
0,199.0,240.0
0,117.0,116.0
0,229.0,243.0
0,266.0,248.0
0,189.0,164.0
0,180.0,195.0
0,262.0,229.0
0,252.0,264.0
0,108.0,169.0
0,184.0,126.0
0,112.0,258.0
0,262.0,263.0
0,155.0,261.0
0,255.0,172.0
0,225.0,196.0
0,230.0,220.0
0,258.0,260.0
0,108.0,233.0
0,187.0,265.0
0,264.0,152.0
0,257.0,230.0
0,249.0,210.0
0,264.0,268.0
0,232.0,187.0
0,243.0,178.0
0,232.0,69.0
0,269.0,126.0
0,238.0,152.0
0,178.0,229.0
0,127.0,108.0
0,262.0,254.0
0,156.0,70.0
0,130.0,246.0
0,226.0,265.0
0,264.0,164.0
0,122.0,260.0
0,210.0,230.0
0,155.0,121.0
0,267.0,257.0
0,200.0,181.0
0,172.0,237.0
0,179.0,261.0
0,231.0,239.0
0,152.0,252.0
0,254.0,263.0
0,225.0,224.0
0,155.0,262.0
0,237.0,248.0
0,122.0,269.0
0,169.0,233.0
0,152.0,264.0
0,189.0,151.0
0,263.0,155.0
0,130.0,246.0
0,249.0,257.0
0,114.0,247.0
0,252.0,268.0
0,181.0,108.0
0,69.0,265.0
0,241.0,267.0
0,203.0,69.0
0,154.0,231.0
0,252.0,264.0
0,126.0,122.0
0,155.0,270.0
0,225.0,204.0
0,112.0,126.0
0,189.0,184.0
0,199.0,11.0
0,249.0,230.0
0,248.0,266.0
0,237.0,255.0
0,70.0,198.0
0,253.0,213.0
0,111.0,229.0
0,112.0,258.0
0,122.0,112.0
0,243.0,209.0
0,270.0,249.0
0,209.0,111.0
0,111.0,229.0
0,217.0,11.0
0,232.0,199.0
0,260.0,269.0
0,152.0,252.0
0,114.0,247.0
0,11.0,240.0
0,127.0,108.0
0,121.0,262.0
0,112.0,260.0
0,241.0,210.0
0,181.0,169.0
0,213.0,253.0
0,252.0,264.0
0,252.0,268.0
0,255.0,237.0
0,249.0,257.0
0,227.0,256.0
0,210.0,267.0
0,127.0,243.0
0,226.0,205.0
0,151.0,126.0
0,259.0,239.0
0,198.0,70.0
0,121.0,212.0
0,122.0,112.0
0,248.0,266.0
0,263.0,155.0
0,105.0,238.0
0,210.0,249.0
0,269.0,112.0
0,227.0,256.0
0,130.0,205.0
0,245.0,254.0
0,264.0,152.0
0,271.0,181.0
0,272.0,267.0
0,152.0,268.0
0,260.0,269.0
0,212.0,211.0
0,265.0,226.0
0,230.0,270.0
0,229.0,127.0
0,114.0,247.0
0,198.0,70.0
0,243.0,111.0
0,192.0,225.0
0,112.0,260.0
0,121.0,262.0
0,248.0,266.0
0,69.0,265.0
0,189.0,126.0
0,127.0,229.0
0,151.0,126.0
0,264.0,252.0
0,213.0,253.0
0,191.0,220.0
0,189.0,151.0
0,260.0,258.0
0,240.0,142.0
0,232.0,203.0
0,225.0,192.0
0,179.0,261.0
0,234.0,268.0
0,267.0,230.0
0,201.0,205.0
0,226.0,265.0
0,260.0,269.0
0,155.0,179.0
0,268.0,264.0
0,209.0,111.0
0,181.0,169.0
0,121.0,262.0
0,245.0,249.0
0,271.0,181.0
0,260.0,112.0
0,255.0,237.0
0,267.0,272.0
0,248.0,266.0
0,172.0,255.0
0,198.0,220.0
0,255.0,237.0
0,225.0,249.0
0,252.0,268.0
0,172.0,255.0
0,273.0,181.0
0,155.0,270.0
0,142.0,217.0
0,233.0,271.0
0,69.0,265.0
0,179.0,241.0
0,259.0,231.0
0,112.0,258.0
0,253.0,213.0
0,192.0,225.0
0,246.0,201.0
0,11.0,142.0
0,105.0,121.0
0,245.0,254.0
0,152.0,252.0
0,248.0,266.0
0,267.0,272.0
0,203.0,232.0
0,260.0,269.0
0,271.0,169.0
0,261.0,230.0
0,178.0,229.0
0,242.0,142.0
0,252.0,268.0
0,155.0,270.0
0,217.0,11.0
0,224.0,89.0
0,227.0,256.0
0,263.0,212.0
0,239.0,117.0
0,254.0,192.0
0,257.0,274.0
0,151.0,126.0
0,231.0,259.0
0,174.0,152.0
0,274.0,254.0
0,181.0,273.0
0,122.0,164.0
0,179.0,261.0
0,215.0,239.0
0,156.0,220.0
0,112.0,258.0
0,258.0,260.0
0,252.0,234.0
0,111.0,248.0
0,226.0,265.0
0,267.0,272.0
0,248.0,266.0
0,169.0,271.0
0,249.0,224.0
0,255.0,172.0
0,268.0,164.0
0,227.0,256.0
0,152.0,234.0
0,213.0,253.0
0,69.0,142.0
0,252.0,268.0
0,267.0,272.0
0,112.0,260.0
0,155.0,192.0
0,248.0,266.0
0,263.0,237.0
0,220.0,156.0
0,231.0,117.0
0,178.0,245.0
0,271.0,209.0
0,233.0,130.0
0,164.0,252.0
0,273.0,169.0
0,151.0,112.0
0,179.0,191.0
0,210.0,267.0
0,112.0,258.0
0,230.0,237.0
0,187.0,144.0
0,262.0,172.0
0,245.0,254.0
0,114.0,247.0
0,192.0,155.0
0,156.0,220.0
0,179.0,198.0
0,213.0,275.0
0,164.0,252.0
0,174.0,222.0
0,260.0,269.0
0,156.0,210.0
0,241.0,179.0
0,272.0,249.0
0,127.0,248.0
0,169.0,209.0
0,164.0,268.0
0,127.0,266.0
0,264.0,122.0
0,242.0,69.0
0,253.0,154.0
0,213.0,253.0
0,155.0,270.0
0,122.0,174.0
0,242.0,240.0
0,267.0,272.0
0,169.0,205.0
0,212.0,152.0
0,187.0,195.0
0,199.0,181.0
0,151.0,269.0
0,179.0,261.0
0,156.0,272.0
0,242.0,69.0
0,204.0,114.0
0,156.0,249.0
0,154.0,117.0
0,184.0,238.0
0,209.0,169.0
0,237.0,270.0
0,169.0,271.0
0,254.0,274.0
0,205.0,229.0
0,179.0,241.0
0,271.0,273.0
0,222.0,264.0
0,220.0,191.0
0,210.0,267.0
0,257.0,243.0
0,266.0,248.0
0,89.0,257.0
0,198.0,155.0
0,231.0,259.0
0,252.0,268.0
0,129.0,267.0
0,222.0,276.0
0,226.0,242.0
0,261.0,241.0
0,260.0,269.0
0,151.0,260.0
0,198.0,249.0
0,220.0,155.0
0,108.0,111.0
0,263.0,105.0
0,204.0,277.0
0,117.0,231.0
0,127.0,262.0
0,212.0,264.0
0,152.0,172.0
0,248.0,266.0
0,217.0,232.0
0,254.0,274.0
0,273.0,209.0
0,237.0,230.0
0,246.0,169.0
0,252.0,268.0
0,233.0,265.0
0,227.0,213.0
0,225.0,89.0
0,253.0,117.0
0,126.0,258.0
0,259.0,275.0
0,225.0,156.0
0,253.0,154.0
0,227.0,256.0
0,244.0,108.0
0,246.0,271.0
0,204.0,178.0
0,278.0,210.0
0,248.0,262.0
0,229.0,169.0
0,231.0,259.0
0,256.0,154.0
0,142.0,69.0
0,264.0,276.0
0,112.0,260.0
0,152.0,252.0
0,117.0,256.0
0,252.0,268.0
0,240.0,226.0
0,192.0,243.0
0,260.0,269.0
0,205.0,111.0
0,230.0,105.0
0,225.0,129.0
0,263.0,192.0
0,270.0,278.0
0,142.0,233.0
0,144.0,199.0
0,256.0,227.0
0,253.0,239.0
0,169.0,271.0
0,264.0,164.0
0,252.0,172.0
0,244.0,108.0
0,266.0,127.0
0,257.0,254.0
0,242.0,240.0
0,181.0,144.0
0,89.0,129.0
0,237.0,243.0
0,275.0,256.0
0,220.0,210.0
0,238.0,211.0
0,111.0,205.0
0,213.0,117.0
0,263.0,105.0
0,155.0,278.0
0,227.0,231.0
0,263.0,230.0
0,169.0,271.0
0,253.0,275.0
0,277.0,178.0
0,172.0,268.0
0,248.0,266.0
0,155.0,270.0
0,229.0,248.0
0,261.0,237.0
0,169.0,273.0
0,152.0,264.0
0,256.0,227.0
0,248.0,257.0
0,279.0,260.0
0,268.0,192.0
0,203.0,233.0
0,238.0,211.0
0,226.0,265.0
0,217.0,232.0
0,201.0,169.0
0,245.0,248.0
0,209.0,199.0
0,207.0,69.0
0,252.0,268.0
0,198.0,155.0
0,275.0,231.0
0,240.0,142.0
0,266.0,229.0
0,203.0,207.0
0,201.0,273.0
0,241.0,261.0
0,253.0,117.0
0,267.0,272.0
0,276.0,252.0
0,279.0,151.0
0,230.0,172.0
0,242.0,213.0
0,239.0,154.0
0,155.0,278.0
0,142.0,226.0
0,254.0,274.0
0,211.0,276.0
0,155.0,270.0
0,226.0,217.0
0,273.0,204.0
0,178.0,277.0
0,252.0,276.0
0,233.0,200.0
0,248.0,266.0
0,226.0,232.0
0,240.0,217.0
0,169.0,273.0
0,264.0,212.0
0,262.0,263.0
0,252.0,280.0
0,255.0,252.0
0,279.0,260.0
0,179.0,237.0
0,203.0,233.0
0,237.0,278.0
0,253.0,275.0
0,239.0,213.0
0,156.0,272.0
0,152.0,255.0
0,201.0,204.0
0,108.0,127.0
0,270.0,155.0
0,279.0,269.0
0,252.0,268.0
0,254.0,274.0
0,181.0,246.0
0,237.0,198.0
0,204.0,271.0
0,229.0,245.0
0,227.0,256.0
0,201.0,257.0
0,229.0,254.0
0,260.0,279.0
0,268.0,280.0
0,252.0,276.0
0,164.0,222.0
0,240.0,217.0
0,241.0,261.0
0,258.0,151.0
0,266.0,245.0
0,117.0,256.0
0,273.0,271.0
0,213.0,11.0
0,225.0,191.0
0,264.0,212.0
0,229.0,274.0
0,212.0,252.0
0,266.0,248.0
0,270.0,278.0
0,155.0,270.0
0,201.0,229.0
0,260.0,269.0
0,192.0,237.0
0,267.0,272.0
0,273.0,201.0
0,210.0,267.0
0,112.0,238.0
0,142.0,203.0
0,212.0,268.0
0,178.0,169.0
0,280.0,255.0
0,246.0,181.0
0,274.0,127.0
0,239.0,154.0
0,213.0,281.0
0,187.0,217.0
0,255.0,152.0
0,179.0,237.0
0,278.0,270.0
0,155.0,278.0
0,192.0,243.0
0,268.0,264.0
0,105.0,108.0
0,201.0,229.0
0,267.0,210.0
0,245.0,266.0
0,129.0,224.0
0,267.0,272.0
0,244.0,111.0
0,240.0,200.0
0,191.0,282.0
0,269.0,279.0
0,256.0,117.0
0,264.0,276.0
0,274.0,254.0
0,262.0,263.0
0,242.0,232.0
0,271.0,273.0
0,226.0,203.0
0,207.0,233.0
0,280.0,268.0
0,264.0,280.0
0,222.0,112.0
0,261.0,252.0
0,225.0,155.0
0,245.0,248.0
0,253.0,275.0
0,245.0,266.0
0,242.0,203.0
0,272.0,267.0
0,260.0,279.0
0,111.0,204.0
0,240.0,217.0
0,152.0,280.0
0,262.0,263.0
0,169.0,273.0
0,252.0,241.0
0,254.0,108.0
0,278.0,225.0
0,252.0,276.0
0,155.0,278.0
0,174.0,126.0
0,164.0,112.0
0,108.0,274.0
0,273.0,271.0
0,191.0,237.0
0,11.0,253.0
0,151.0,258.0
0,255.0,262.0
0,275.0,11.0
0,243.0,261.0
0,264.0,152.0
0,213.0,281.0
0,112.0,174.0
0,276.0,264.0
0,247.0,169.0
0,156.0,224.0
0,266.0,248.0
0,203.0,11.0
0,253.0,275.0
0,152.0,283.0
0,260.0,279.0
0,196.0,89.0
0,191.0,282.0
0,266.0,127.0
0,245.0,254.0
0,283.0,276.0
0,238.0,164.0
0,179.0,225.0
0,268.0,280.0
0,105.0,108.0
0,257.0,172.0
0,265.0,232.0
0,200.0,246.0
0,239.0,154.0
0,252.0,264.0
0,267.0,272.0
0,217.0,200.0
0,274.0,245.0
0,243.0,252.0
0,231.0,256.0
0,227.0,259.0
0,112.0,174.0
0,192.0,255.0
0,191.0,270.0
0,164.0,211.0
0,271.0,273.0
0,246.0,217.0
0,192.0,243.0
0,155.0,220.0
0,248.0,274.0
0,263.0,262.0
0,275.0,11.0
0,224.0,129.0
0,155.0,191.0
0,213.0,281.0
0,169.0,271.0
0,267.0,179.0
0,127.0,266.0
0,279.0,269.0
0,212.0,276.0
0,156.0,224.0
0,280.0,283.0
0,278.0,270.0
0,267.0,272.0
0,233.0,207.0
0,215.0,227.0
0,271.0,273.0
0,281.0,275.0
0,11.0,253.0
0,237.0,261.0
0,155.0,278.0
0,276.0,152.0
0,201.0,254.0
0,117.0,256.0
0,254.0,274.0
0,211.0,164.0
0,209.0,217.0
0,127.0,245.0
0,217.0,246.0
0,222.0,112.0
0,172.0,89.0
0,204.0,127.0
0,270.0,282.0
0,172.0,257.0
0,266.0,274.0
0,108.0,201.0
0,255.0,262.0
0,156.0,224.0
0,202.0,144.0
0,261.0,192.0
0,89.0,284.0
0,237.0,261.0
0,280.0,283.0
0,278.0,270.0
0,267.0,179.0
0,155.0,278.0
0,260.0,184.0
0,200.0,247.0
0,253.0,281.0
0,268.0,280.0
0,279.0,269.0
0,239.0,154.0
0,260.0,279.0
0,172.0,257.0
0,269.0,174.0
0,281.0,275.0
0,207.0,195.0
0,152.0,276.0
0,117.0,231.0
0,271.0,273.0
0,253.0,275.0
0,267.0,272.0
0,252.0,237.0
0,169.0,271.0
0,268.0,280.0
0,279.0,174.0
0,253.0,213.0
0,271.0,273.0
0,203.0,232.0
0,111.0,268.0
0,248.0,108.0
0,266.0,245.0
0,282.0,257.0
0,179.0,224.0
0,155.0,270.0
0,280.0,286.0
0,225.0,198.0
0,204.0,266.0
0,284.0,191.0
0,89.0,284.0
0,238.0,112.0
0,262.0,192.0
0,212.0,279.0
0,253.0,281.0
0,229.0,246.0
0,191.0,282.0
0,231.0,117.0
0,210.0,267.0
0,282.0,220.0
0,155.0,278.0
0,240.0,169.0
0,254.0,274.0
0,227.0,256.0
0,267.0,272.0
0,252.0,198.0
0,260.0,269.0
0,269.0,279.0
0,111.0,280.0
0,212.0,164.0
0,169.0,271.0
0,213.0,281.0
0,184.0,174.0
0,271.0,273.0
0,287.0,275.0
0,247.0,217.0
0,226.0,265.0
0,257.0,282.0
0,246.0,204.0
0,192.0,262.0
0,280.0,283.0
0,257.0,191.0
0,169.0,240.0
0,224.0,129.0
0,252.0,264.0
0,205.0,268.0
0,184.0,212.0
0,274.0,266.0
0,199.0,127.0
0,191.0,282.0
0,192.0,89.0
0,117.0,215.0
0,179.0,129.0
0,224.0,179.0
0,169.0,273.0
0,155.0,278.0
0,126.0,279.0
0,255.0,155.0
0,210.0,224.0
0,262.0,284.0
0,203.0,117.0
0,155.0,270.0
0,246.0,229.0
0,253.0,275.0
0,265.0,232.0
0,280.0,283.0
0,248.0,245.0
0,226.0,265.0
0,240.0,271.0
0,262.0,263.0
0,213.0,281.0
0,252.0,276.0
0,224.0,267.0
0,267.0,272.0
0,215.0,203.0
0,209.0,204.0
0,285.0,89.0
0,266.0,105.0
0,271.0,273.0
0,111.0,108.0
0,259.0,231.0
0,207.0,195.0
0,231.0,227.0
0,210.0,225.0
0,225.0,224.0
0,245.0,248.0
0,172.0,263.0
0,268.0,280.0
0,274.0,245.0
0,248.0,266.0
0,243.0,211.0
0,278.0,270.0
0,274.0,196.0
0,281.0,287.0
0,164.0,279.0
0,252.0,276.0
0,232.0,226.0
0,174.0,243.0
0,272.0,267.0
0,280.0,205.0
0,215.0,213.0
0,203.0,215.0
0,220.0,257.0
0,205.0,283.0
0,240.0,169.0
0,226.0,265.0
0,89.0,284.0
0,204.0,254.0
0,253.0,275.0
0,11.0,246.0
0,210.0,267.0
0,207.0,195.0
0,264.0,198.0
0,268.0,205.0
0,271.0,273.0
0,270.0,191.0
0,260.0,152.0
0,248.0,277.0
0,243.0,211.0
0,277.0,245.0
0,284.0,237.0
0,280.0,286.0
0,278.0,270.0
0,288.0,271.0
0,268.0,280.0
0,261.0,272.0
0,213.0,281.0
0,209.0,254.0
0,273.0,288.0
0,117.0,213.0
0,212.0,126.0
0,225.0,210.0
0,204.0,229.0
0,127.0,11.0
0,281.0,203.0
0,242.0,226.0
0,246.0,199.0
0,265.0,232.0
0,239.0,154.0
0,179.0,255.0
0,260.0,269.0
0,267.0,210.0
0,192.0,285.0
0,191.0,282.0
0,191.0,270.0
0,283.0,205.0
0,129.0,224.0
0,204.0,244.0
0,269.0,279.0
0,11.0,246.0
0,268.0,283.0
0,213.0,281.0
0,248.0,245.0
0,232.0,242.0
0,247.0,254.0
0,273.0,288.0
0,283.0,286.0
0,229.0,204.0
0,210.0,225.0
0,89.0,284.0
0,259.0,287.0
0,253.0,275.0
0,256.0,227.0
0,247.0,169.0
0,268.0,280.0
0,252.0,276.0
0,200.0,273.0
0,277.0,111.0
0,277.0,257.0
0,207.0,240.0
0,260.0,279.0
0,269.0,260.0
0,262.0,261.0
0,284.0,241.0
0,278.0,282.0
0,237.0,198.0
0,212.0,126.0
0,281.0,287.0
0,262.0,255.0
0,191.0,272.0
0,210.0,267.0
0,273.0,288.0
0,259.0,227.0
0,247.0,196.0
0,260.0,189.0
0,203.0,226.0
0,270.0,191.0
0,283.0,286.0
0,229.0,277.0
0,285.0,225.0
0,189.0,279.0
0,179.0,261.0
0,238.0,260.0
0,253.0,275.0
0,225.0,191.0
0,179.0,262.0
0,273.0,288.0
0,281.0,287.0
0,202.0,271.0
0,267.0,272.0
0,117.0,213.0
0,179.0,129.0
0,283.0,286.0
0,210.0,192.0
0,252.0,276.0
0,227.0,256.0
0,284.0,198.0
0,248.0,111.0
0,243.0,152.0
0,215.0,231.0
0,196.0,169.0
0,282.0,270.0
0,246.0,231.0
0,268.0,280.0
0,245.0,244.0
0,282.0,237.0
0,285.0,225.0
0,287.0,281.0
0,181.0,288.0
0,226.0,287.0
0,262.0,278.0
0,246.0,215.0
0,89.0,284.0
0,271.0,202.0
0,275.0,253.0
0,225.0,191.0
0,127.0,169.0
0,286.0,283.0
0,269.0,289.0
0,289.0,189.0
0,220.0,263.0
0,273.0,200.0
0,277.0,204.0
0,247.0,254.0
0,261.0,255.0
0,260.0,279.0
0,229.0,245.0
0,279.0,243.0
0,247.0,127.0
0,129.0,192.0
0,259.0,227.0
0,267.0,272.0
0,196.0,274.0
0,275.0,256.0
0,265.0,213.0
0,288.0,195.0
0,212.0,258.0
0,155.0,278.0
0,287.0,259.0
0,281.0,203.0
0,226.0,227.0
0,270.0,267.0
0,152.0,243.0
0,222.0,189.0
0,281.0,287.0
0,260.0,269.0
0,169.0,254.0
0,277.0,233.0
0,172.0,220.0
0,281.0,253.0
0,272.0,237.0
0,179.0,262.0
0,127.0,169.0
0,204.0,277.0
0,215.0,226.0
0,268.0,286.0
0,260.0,279.0
0,169.0,247.0
0,205.0,280.0
0,210.0,282.0
0,89.0,284.0
0,279.0,289.0
0,213.0,281.0
0,129.0,285.0
0,233.0,204.0
0,196.0,274.0
0,164.0,212.0
0,260.0,279.0
0,286.0,174.0
0,179.0,192.0
0,290.0,277.0
0,195.0,196.0
0,200.0,181.0
0,154.0,256.0
0,243.0,238.0
0,229.0,209.0
0,260.0,269.0
0,242.0,265.0
0,280.0,286.0
0,224.0,237.0
0,244.0,169.0
0,11.0,247.0
0,199.0,215.0
0,257.0,233.0
0,287.0,259.0
0,282.0,225.0
0,155.0,278.0
0,261.0,262.0
0,280.0,283.0
0,247.0,244.0
0,253.0,275.0
0,210.0,225.0
0,164.0,184.0
0,204.0,290.0
0,117.0,259.0
0,290.0,233.0
0,200.0,229.0
0,108.0,211.0
0,192.0,179.0
0,287.0,256.0
0,289.0,260.0
0,286.0,174.0
0,278.0,155.0
0,224.0,262.0
0,203.0,231.0
0,266.0,263.0
0,184.0,258.0
0,179.0,261.0
0,227.0,253.0
0,285.0,192.0
0,269.0,222.0
0,280.0,283.0
0,285.0,261.0
0,273.0,288.0
0,111.0,172.0
0,279.0,289.0
0,280.0,286.0
0,270.0,272.0
0,252.0,276.0
0,259.0,256.0
0,290.0,233.0
0,196.0,181.0
0,222.0,238.0
0,192.0,237.0
0,215.0,231.0
0,227.0,275.0
0,253.0,246.0
0,254.0,169.0
0,260.0,269.0
0,155.0,291.0
0,211.0,245.0
0,155.0,278.0
0,192.0,270.0
0,258.0,151.0
0,211.0,257.0
0,222.0,279.0
0,266.0,111.0
0,200.0,217.0
0,198.0,225.0
0,164.0,280.0
0,269.0,279.0
0,237.0,179.0
0,184.0,268.0
0,207.0,242.0
0,252.0,89.0
0,282.0,129.0
0,89.0,284.0
0,220.0,155.0
0,273.0,288.0
0,270.0,237.0
0,225.0,198.0
0,232.0,231.0
0,179.0,224.0
0,248.0,211.0
0,280.0,286.0
0,270.0,267.0
0,253.0,154.0
0,259.0,199.0
0,237.0,285.0
0,247.0,11.0
0,213.0,281.0
0,126.0,184.0
0,240.0,271.0
0,233.0,290.0
0,272.0,192.0
0,169.0,254.0
0,292.0,151.0
0,181.0,273.0
0,291.0,266.0
0,192.0,285.0
0,209.0,254.0
0,273.0,288.0
0,287.0,213.0
0,269.0,222.0
0,246.0,259.0
0,247.0,244.0
0,253.0,275.0
0,196.0,202.0
0,217.0,293.0
0,279.0,289.0
0,273.0,295.0
0,257.0,245.0
0,204.0,127.0
0,220.0,291.0
0,224.0,261.0
0,164.0,268.0
0,209.0,169.0
0,269.0,184.0
0,89.0,284.0
0,233.0,290.0
0,179.0,262.0
0,260.0,279.0
0,286.0,164.0
0,280.0,286.0
0,277.0,108.0
0,220.0,217.0
0,268.0,126.0
0,287.0,213.0
0,286.0,283.0
0,279.0,269.0
0,289.0,279.0
0,257.0,169.0
0,253.0,275.0
0,274.0,181.0
0,129.0,294.0
0,199.0,227.0
0,192.0,285.0
0,184.0,212.0
0,217.0,266.0
0,164.0,280.0
0,291.0,293.0
0,232.0,244.0
0,224.0,270.0
0,213.0,281.0
0,196.0,229.0
0,292.0,258.0
0,154.0,117.0
0,164.0,286.0
0,284.0,276.0
0,239.0,246.0
0,272.0,261.0
0,126.0,164.0
0,108.0,277.0
0,254.0,245.0
0,265.0,207.0
0,248.0,172.0
0,89.0,284.0
0,259.0,199.0
0,274.0,288.0
0,233.0,290.0
0,253.0,275.0
0,229.0,271.0
0,217.0,296.0
0,265.0,281.0
0,256.0,215.0
0,210.0,211.0
0,294.0,129.0
0,209.0,277.0
0,280.0,283.0
0,169.0,209.0
0,293.0,220.0
0,279.0,260.0
0,275.0,154.0
0,151.0,292.0
0,270.0,272.0
0,269.0,212.0
0,181.0,202.0
0,248.0,108.0
0,209.0,245.0
0,181.0,295.0
0,261.0,270.0
0,203.0,233.0
0,192.0,285.0
0,280.0,286.0
0,254.0,274.0
0,261.0,272.0
0,198.0,285.0
0,289.0,260.0
0,203.0,290.0
0,274.0,202.0
0,247.0,11.0
0,127.0,245.0
0,280.0,283.0
0,262.0,261.0
0,269.0,289.0
0,253.0,154.0
0,268.0,280.0
0,210.0,248.0
0,252.0,264.0
0,267.0,129.0
0,288.0,295.0
0,287.0,265.0
0,239.0,246.0
0,169.0,209.0
0,220.0,293.0
0,264.0,276.0
0,275.0,253.0
0,267.0,192.0
0,217.0,266.0
0,271.0,229.0
0,222.0,184.0
0,151.0,292.0
0,292.0,205.0
0,202.0,288.0
0,238.0,279.0
0,256.0,213.0
0,260.0,269.0
0,263.0,224.0
0,257.0,169.0
0,294.0,267.0
0,295.0,271.0
0,281.0,287.0
0,231.0,232.0
0,269.0,279.0
0,129.0,294.0
0,253.0,275.0
0,213.0,231.0
0,11.0,247.0
0,279.0,289.0
0,209.0,174.0
0,261.0,272.0
0,290.0,203.0
0,293.0,220.0
0,238.0,212.0
0,288.0,295.0
0,263.0,224.0
0,273.0,288.0
0,271.0,202.0
0,283.0,222.0
0,296.0,266.0
0,174.0,169.0
0,127.0,209.0
0,274.0,181.0
0,258.0,205.0
0,233.0,290.0
0,172.0,296.0
0,263.0,270.0
0,268.0,280.0
0,192.0,129.0
0,257.0,108.0
0,257.0,172.0
0,258.0,151.0
0,265.0,256.0
0,289.0,238.0
0,151.0,292.0
0,201.0,278.0
0,126.0,290.0
0,260.0,269.0
0,217.0,296.0
0,192.0,198.0
0,272.0,261.0
0,294.0,267.0
0,181.0,202.0
0,129.0,192.0
0,286.0,238.0
0,254.0,274.0
0,256.0,215.0
0,172.0,108.0
0,256.0,231.0
0,127.0,209.0
0,262.0,282.0
0,283.0,222.0
0,247.0,244.0
0,127.0,271.0
0,192.0,294.0
0,275.0,117.0
0,281.0,213.0
0,237.0,224.0
0,181.0,254.0
0,199.0,246.0
0,291.0,201.0
0,258.0,205.0
0,261.0,262.0
0,279.0,289.0
0,280.0,283.0
0,213.0,287.0
0,260.0,269.0
0,217.0,293.0
0,222.0,283.0
0,267.0,294.0
0,226.0,174.0
0,207.0,281.0
0,297.0,270.0
0,129.0,267.0
0,247.0,244.0
0,277.0,108.0
0,255.0,179.0
0,210.0,297.0
0,294.0,129.0
0,151.0,292.0
0,231.0,256.0
0,108.0,127.0
0,260.0,238.0
0,292.0,258.0
0,295.0,274.0
0,283.0,286.0
0,253.0,239.0
0,271.0,209.0
0,261.0,262.0
0,294.0,198.0
0,245.0,225.0
0,279.0,289.0
0,210.0,266.0
0,239.0,275.0
0,172.0,169.0
0,288.0,204.0
0,201.0,291.0
0,254.0,181.0
0,244.0,273.0
0,260.0,279.0
0,270.0,297.0
0,192.0,198.0
0,281.0,287.0
0,181.0,274.0
0,267.0,129.0
0,217.0,296.0
0,289.0,260.0
0,204.0,295.0
0,207.0,281.0
0,126.0,205.0
0,286.0,211.0
0,253.0,239.0
0,217.0,293.0
0,238.0,289.0
0,89.0,284.0
0,260.0,212.0
0,280.0,286.0
0,264.0,248.0
0,261.0,192.0
0,237.0,255.0
0,233.0,290.0
0,269.0,184.0
0,151.0,258.0
0,270.0,266.0
0,151.0,292.0
0,272.0,261.0
0,265.0,259.0
0,229.0,196.0
0,244.0,273.0
0,257.0,172.0
0,239.0,154.0
0,257.0,209.0
0,198.0,267.0
0,263.0,270.0
0,254.0,181.0
0,239.0,253.0
0,210.0,198.0
0,265.0,227.0
0,169.0,277.0
0,295.0,288.0
0,184.0,243.0
0,282.0,262.0
0,284.0,276.0
0,117.0,275.0
0,211.0,286.0
0,257.0,169.0
0,263.0,297.0
0,261.0,282.0
0,292.0,151.0
0,237.0,255.0
0,213.0,287.0
0,217.0,293.0
0,89.0,284.0
0,151.0,126.0
0,233.0,290.0
0,277.0,108.0
0,279.0,289.0
0,263.0,224.0
0,261.0,263.0
0,127.0,220.0
0,127.0,291.0
0,293.0,296.0
0,255.0,300.0
0,279.0,211.0
0,275.0,231.0
0,227.0,265.0
0,237.0,179.0
0,256.0,239.0
0,270.0,297.0
0,285.0,266.0
0,108.0,201.0
0,279.0,286.0
0,255.0,300.0
0,215.0,117.0
0,301.0,295.0
0,257.0,172.0
0,253.0,154.0
0,286.0,299.0
0,201.0,127.0
0,256.0,275.0
0,200.0,274.0
0,233.0,290.0
0,284.0,252.0
0,89.0,284.0
0,282.0,270.0
0,261.0,282.0
0,288.0,301.0
0,198.0,224.0
0,202.0,229.0
0,220.0,278.0
0,217.0,296.0
0,279.0,289.0
0,254.0,181.0
0,247.0,213.0
0,247.0,204.0
0,198.0,270.0
0,210.0,272.0
0,222.0,283.0
0,274.0,303.0
0,256.0,231.0
0,248.0,298.0
0,117.0,215.0
0,259.0,265.0
0,301.0,233.0
0,179.0,300.0
0,279.0,289.0
0,181.0,274.0
0,268.0,280.0
0,268.0,269.0
0,286.0,211.0
0,288.0,301.0
0,293.0,291.0
0,263.0,224.0
0,298.0,296.0
0,209.0,264.0
0,294.0,267.0
0,174.0,271.0
0,154.0,302.0
0,215.0,256.0
0,231.0,117.0
0,233.0,295.0
0,217.0,293.0
0,89.0,284.0
0,270.0,297.0
0,205.0,126.0
0,151.0,292.0
0,267.0,89.0
0,198.0,282.0
0,293.0,291.0
0,248.0,108.0
0,291.0,217.0
0,281.0,287.0
0,108.0,293.0
0,256.0,231.0
0,282.0,263.0
0,275.0,117.0
0,268.0,280.0
0,270.0,224.0
0,281.0,203.0
0,301.0,290.0
0,261.0,262.0
0,286.0,299.0
0,288.0,295.0
0,237.0,300.0
0,300.0,179.0
0,217.0,296.0
0,296.0,298.0
0,288.0,301.0
0,252.0,276.0
0,294.0,284.0
0,289.0,126.0
0,268.0,286.0
0,229.0,202.0
0,154.0,302.0
0,210.0,272.0
0,169.0,201.0
0,127.0,278.0
0,257.0,169.0
0,252.0,283.0
0,269.0,268.0
0,181.0,303.0
0,280.0,299.0
0,246.0,226.0
0,280.0,283.0
0,300.0,179.0
0,305.0,253.0
0,269.0,252.0
0,281.0,244.0
0,266.0,217.0
0,89.0,284.0
0,202.0,278.0
0,252.0,280.0
0,288.0,301.0
0,274.0,174.0
0,293.0,298.0
0,284.0,294.0
0,283.0,268.0
0,261.0,210.0
0,181.0,303.0
0,217.0,293.0
0,89.0,304.0
0,154.0,302.0
0,288.0,295.0
0,267.0,245.0
0,298.0,264.0
0,265.0,215.0
0,302.0,305.0
0,108.0,89.0
0,286.0,299.0
0,89.0,217.0
0,298.0,293.0
0,302.0,305.0
0,288.0,199.0
0,288.0,301.0
0,281.0,287.0
0,262.0,210.0
0,283.0,269.0
0,255.0,300.0
0,179.0,306.0
0,305.0,275.0
0,281.0,244.0
0,264.0,266.0
0,181.0,303.0
0,299.0,283.0
0,268.0,280.0
0,257.0,264.0
0,225.0,284.0
0,174.0,233.0
0,275.0,253.0
0,268.0,286.0
0,268.0,276.0
0,108.0,225.0
0,269.0,280.0
0,254.0,181.0
0,286.0,279.0
0,305.0,308.0
0,209.0,248.0
0,281.0,204.0
0,293.0,296.0
0,255.0,198.0
0,89.0,304.0
0,244.0,199.0
0,297.0,282.0
0,276.0,269.0
0,296.0,217.0
0,269.0,286.0
0,247.0,242.0
0,265.0,256.0
0,253.0,275.0
0,279.0,299.0
0,154.0,302.0
0,296.0,298.0
0,224.0,262.0
0,282.0,210.0
0,280.0,283.0
0,301.0,288.0
0,239.0,259.0
0,275.0,307.0
0,284.0,272.0
0,257.0,264.0
0,281.0,242.0
0,154.0,302.0
0,295.0,287.0
0,306.0,297.0
0,108.0,296.0
0,288.0,174.0
0,244.0,204.0
0,286.0,299.0
0,288.0,301.0
0,266.0,257.0
0,262.0,224.0
0,275.0,253.0
0,229.0,274.0
0,286.0,279.0
0,201.0,169.0
0,296.0,298.0
0,299.0,283.0
0,265.0,259.0
0,256.0,265.0
0,263.0,284.0
0,202.0,181.0
0,89.0,266.0
0,293.0,304.0
0,275.0,307.0
0,255.0,198.0
0,296.0,264.0
0,307.0,308.0
0,179.0,306.0
0,253.0,117.0
0,307.0,275.0
0,272.0,285.0
0,243.0,280.0
0,198.0,255.0
0,266.0,304.0
0,296.0,108.0
0,279.0,289.0
0,286.0,299.0
0,295.0,301.0
0,293.0,296.0
0,108.0,284.0
0,266.0,264.0
0,259.0,256.0
0,154.0,302.0
0,284.0,263.0
0,198.0,300.0
0,227.0,231.0
0,298.0,257.0
0,265.0,259.0
0,273.0,288.0
0,302.0,305.0
0,202.0,254.0
0,262.0,293.0
0,205.0,258.0
0,280.0,283.0
0,224.0,296.0
0,220.0,240.0
0,293.0,225.0
0,272.0,309.0
0,308.0,307.0
0,89.0,266.0
0,198.0,255.0
0,259.0,215.0
0,263.0,304.0
0,283.0,164.0
0,275.0,117.0
0,301.0,288.0
0,274.0,229.0
0,263.0,298.0
0,301.0,295.0
0,179.0,306.0
0,286.0,299.0
0,275.0,308.0
0,108.0,310.0
0,255.0,179.0
0,198.0,300.0
0,261.0,237.0
0,294.0,272.0
0,273.0,242.0
0,202.0,254.0
0,231.0,154.0
0,303.0,274.0
0,262.0,224.0
0,181.0,303.0
0,290.0,271.0
0,281.0,239.0
0,229.0,181.0
0,225.0,224.0
0,263.0,284.0
0,229.0,277.0
0,295.0,242.0
0,266.0,276.0
0,244.0,301.0
0,259.0,215.0
0,227.0,154.0
0,257.0,310.0
0,285.0,309.0
0,311.0,303.0
0,225.0,294.0
0,279.0,289.0
0,297.0,282.0
0,295.0,288.0
0,284.0,304.0
0,179.0,306.0
0,302.0,231.0
0,292.0,268.0
0,245.0,252.0
0,255.0,300.0
0,257.0,263.0
0,253.0,307.0
0,294.0,272.0
0,283.0,184.0
0,253.0,275.0
0,244.0,242.0
0,293.0,210.0
0,108.0,310.0
0,282.0,300.0
0,210.0,225.0
0,246.0,267.0
0,201.0,169.0
0,304.0,222.0
0,307.0,117.0
0,255.0,198.0
0,154.0,302.0
0,269.0,279.0
0,312.0,291.0
0,268.0,184.0
0,263.0,284.0
0,308.0,307.0
0,207.0,244.0
0,231.0,227.0
0,274.0,277.0
0,305.0,231.0
0,202.0,127.0
0,222.0,298.0
0,299.0,286.0
0,181.0,303.0
0,277.0,311.0
0,288.0,295.0
0,264.0,263.0
0,284.0,304.0
0,302.0,305.0
0,306.0,282.0
0,240.0,278.0
0,284.0,248.0
0,285.0,294.0
0,273.0,287.0
0,288.0,265.0
0,253.0,227.0
0,275.0,308.0
0,117.0,275.0
0,253.0,256.0
0,273.0,288.0
0,300.0,297.0
0,243.0,286.0
0,231.0,307.0
0,201.0,169.0
0,309.0,296.0
0,276.0,284.0
0,282.0,306.0
0,269.0,289.0
0,285.0,293.0
0,305.0,302.0
0,254.0,229.0
0,283.0,268.0
0,210.0,225.0
0,261.0,179.0
0,294.0,309.0
0,312.0,276.0
0,184.0,292.0
0,276.0,291.0
0,290.0,233.0
0,181.0,277.0
0,181.0,303.0
0,211.0,280.0
0,248.0,257.0
0,304.0,248.0
0,259.0,307.0
0,288.0,295.0
0,272.0,224.0
0,301.0,239.0
0,273.0,265.0
0,242.0,207.0
0,199.0,227.0
0,309.0,293.0
0,253.0,199.0
0,282.0,306.0
0,256.0,259.0
0,257.0,279.0
0,154.0,302.0
0,285.0,309.0
0,275.0,256.0
0,303.0,277.0
0,252.0,264.0
0,293.0,296.0
0,291.0,312.0
0,307.0,253.0
0,305.0,154.0
0,117.0,275.0
0,302.0,305.0
0,261.0,179.0
0,254.0,229.0
0,225.0,210.0
0,108.0,310.0
0,255.0,300.0
0,242.0,301.0
0,304.0,284.0
0,272.0,224.0
0,288.0,295.0
0,273.0,265.0
0,263.0,289.0
0,222.0,263.0
0,285.0,309.0
0,242.0,207.0
0,309.0,294.0
0,308.0,117.0
0,304.0,279.0
0,312.0,276.0
0,89.0,267.0
0,256.0,259.0
0,174.0,244.0
0,310.0,312.0
0,300.0,255.0
0,261.0,198.0
0,169.0,201.0
0,303.0,311.0
0,164.0,299.0
0,312.0,209.0
0,253.0,307.0
0,284.0,304.0
0,262.0,298.0
0,280.0,286.0
0,179.0,306.0
0,287.0,288.0
0,154.0,305.0
0,288.0,301.0
0,296.0,293.0
0,233.0,181.0
0,279.0,89.0
0,305.0,302.0
0,263.0,262.0
0,264.0,222.0
0,245.0,243.0
0,285.0,293.0
0,298.0,263.0
0,265.0,295.0
0,312.0,272.0
0,308.0,117.0
0,181.0,244.0
0,229.0,254.0
0,280.0,268.0
0,303.0,274.0
0,198.0,179.0
0,295.0,313.0
0,305.0,302.0
0,277.0,311.0
0,264.0,266.0
0,181.0,229.0
0,301.0,288.0
0,255.0,300.0
0,310.0,312.0
0,164.0,252.0
0,307.0,259.0
0,117.0,256.0
0,305.0,154.0
0,89.0,284.0
0,267.0,89.0
0,293.0,309.0
0,279.0,248.0
0,264.0,298.0
0,276.0,248.0
0,295.0,313.0
0,261.0,198.0
0,242.0,265.0
0,204.0,275.0
0,288.0,215.0
0,154.0,302.0
0,207.0,242.0
0,252.0,164.0
0,277.0,311.0
0,259.0,117.0
0,164.0,299.0
0,108.0,291.0
0,298.0,285.0
0,269.0,284.0
0,268.0,280.0
0,301.0,287.0
0,285.0,309.0
0,227.0,204.0
0,304.0,267.0
0,181.0,274.0
0,263.0,262.0
0,296.0,293.0
0,108.0,201.0
0,222.0,264.0
0,292.0,238.0
0,215.0,301.0
0,268.0,243.0
0,298.0,222.0
0,274.0,303.0
0,222.0,296.0
0,198.0,261.0
0,253.0,307.0
0,277.0,278.0
0,304.0,269.0
0,184.0,211.0
0,279.0,89.0
0,298.0,309.0
0,303.0,174.0
0,291.0,312.0
0,299.0,243.0
0,226.0,267.0
0,233.0,244.0
0,268.0,164.0
0,284.0,304.0
0,305.0,302.0
0,209.0,272.0
0,253.0,259.0
0,315.0,289.0
0,215.0,313.0
0,245.0,298.0
0,227.0,314.0
0,291.0,108.0
0,306.0,179.0
0,289.0,245.0
0,273.0,295.0
0,259.0,117.0
0,309.0,293.0
0,274.0,290.0
0,198.0,179.0
0,255.0,300.0
0,313.0,295.0
0,276.0,248.0
0,117.0,308.0
0,222.0,298.0
0,227.0,313.0
0,233.0,181.0
0,298.0,293.0
0,287.0,314.0
0,287.0,301.0
0,198.0,306.0
0,207.0,288.0
0,286.0,164.0
0,269.0,267.0
0,294.0,309.0
0,291.0,108.0
0,296.0,294.0
0,253.0,307.0
0,181.0,229.0
0,277.0,311.0
0,284.0,269.0
0,311.0,278.0
0,274.0,244.0
0,154.0,302.0
0,284.0,304.0
0,289.0,222.0
0,181.0,303.0
0,275.0,199.0
0,286.0,268.0
0,256.0,204.0
0,245.0,266.0
0,181.0,229.0
0,255.0,300.0
0,285.0,296.0
0,231.0,259.0
0,309.0,298.0
0,295.0,313.0
0,284.0,263.0
0,227.0,215.0
0,302.0,305.0
0,273.0,288.0
0,227.0,301.0
0,288.0,295.0
0,310.0,312.0
0,198.0,297.0
0,264.0,315.0
0,304.0,269.0
0,312.0,108.0
0,298.0,294.0
0,242.0,244.0
0,293.0,289.0
0,248.0,276.0
0,286.0,299.0
0,306.0,255.0
0,174.0,169.0
0,287.0,314.0
0,205.0,154.0
0,262.0,285.0
0,297.0,261.0
0,285.0,309.0
0,274.0,242.0
0,248.0,263.0
0,296.0,298.0
0,198.0,179.0
0,315.0,266.0
0,288.0,313.0
0,255.0,300.0
0,198.0,306.0
0,207.0,273.0
0,303.0,169.0
0,181.0,233.0
0,286.0,299.0
0,227.0,301.0
0,302.0,305.0
0,277.0,311.0
0,181.0,229.0
0,291.0,89.0
0,233.0,303.0
0,273.0,242.0
0,304.0,284.0
0,315.0,317.0
0,246.0,267.0
0,264.0,269.0
0,310.0,312.0
0,287.0,314.0
0,198.0,255.0
0,288.0,295.0
0,285.0,309.0
0,198.0,306.0
0,308.0,231.0
0,279.0,267.0
0,237.0,261.0
0,274.0,288.0
0,300.0,179.0
0,205.0,302.0
0,269.0,315.0
0,290.0,303.0
0,263.0,266.0
0,207.0,318.0
0,205.0,305.0
0,154.0,205.0
0,237.0,255.0
0,289.0,262.0
0,315.0,263.0
0,269.0,317.0
0,264.0,276.0
0,273.0,274.0
0,117.0,259.0
0,307.0,253.0
0,265.0,244.0
0,210.0,198.0
0,306.0,210.0
0,181.0,229.0
0,299.0,238.0
0,258.0,316.0
0,313.0,301.0
0,262.0,296.0
0,285.0,245.0
0,169.0,290.0
0,278.0,277.0
0,314.0,308.0
0,297.0,237.0
0,179.0,300.0
0,284.0,317.0
0,296.0,298.0
0,263.0,284.0
0,229.0,233.0
0,231.0,256.0
0,215.0,316.0
0,294.0,285.0
0,315.0,304.0
0,264.0,276.0
0,229.0,295.0
0,154.0,302.0
0,305.0,154.0
0,253.0,307.0
0,287.0,314.0
0,273.0,288.0
0,271.0,174.0
0,306.0,198.0
0,290.0,242.0
0,291.0,267.0
0,308.0,275.0
0,263.0,248.0
0,289.0,296.0
0,222.0,293.0
0,302.0,305.0
0,306.0,297.0
0,271.0,89.0
0,277.0,311.0
0,318.0,169.0
0,317.0,248.0
0,269.0,284.0
0,276.0,315.0
0,286.0,299.0
0,247.0,288.0
0,318.0,290.0
0,246.0,291.0
0,287.0,314.0
0,294.0,285.0
0,227.0,215.0
0,179.0,306.0
0,215.0,316.0
0,211.0,184.0
0,319.0,300.0
0,267.0,89.0
0,284.0,263.0
0,237.0,255.0
0,307.0,259.0
0,198.0,319.0
0,269.0,317.0
0,290.0,320.0
0,320.0,242.0
0,277.0,311.0
0,284.0,304.0
0,269.0,264.0
0,207.0,279.0
0,290.0,274.0
0,307.0,253.0
0,288.0,301.0
0,321.0,222.0
0,286.0,164.0
0,295.0,313.0
0,164.0,299.0
0,315.0,317.0
0,287.0,314.0
0,209.0,272.0
0,276.0,267.0
0,318.0,169.0
0,275.0,308.0
0,289.0,298.0
0,154.0,302.0
0,302.0,258.0
0,315.0,276.0
0,319.0,255.0
0,198.0,319.0
0,239.0,265.0
0,215.0,316.0
0,255.0,237.0
0,231.0,259.0
0,264.0,315.0
0,269.0,264.0
0,285.0,309.0
0,181.0,303.0
0,229.0,310.0
0,293.0,321.0
0,282.0,297.0
0,284.0,304.0
0,242.0,320.0
0,310.0,181.0
0,263.0,276.0
0,318.0,313.0
0,298.0,289.0
0,222.0,293.0
0,319.0,261.0
0,322.0,304.0
0,272.0,209.0
0,243.0,248.0
0,154.0,215.0
0,179.0,225.0
0,237.0,300.0
0,300.0,198.0
0,278.0,240.0
0,306.0,179.0
0,320.0,233.0
0,277.0,311.0
0,215.0,316.0
0,271.0,254.0
0,269.0,315.0
0,198.0,319.0
0,287.0,231.0
0,256.0,314.0
0,209.0,263.0
0,287.0,308.0
0,282.0,297.0
0,247.0,265.0
0,279.0,207.0
0,276.0,284.0
0,169.0,318.0
0,290.0,274.0
0,272.0,294.0
0,242.0,169.0
0,312.0,89.0
0,242.0,320.0
0,264.0,322.0
0,259.0,117.0
0,226.0,264.0
0,322.0,317.0
0,179.0,306.0
0,253.0,258.0
0,266.0,262.0
0,255.0,300.0
0,253.0,307.0
0,320.0,323.0
0,243.0,164.0
0,287.0,314.0
0,229.0,311.0
0,316.0,154.0
0,207.0,242.0
0,244.0,275.0
0,226.0,315.0
0,324.0,179.0
0,293.0,321.0
0,319.0,255.0
0,286.0,243.0
0,274.0,290.0
0,297.0,282.0
0,259.0,287.0
0,237.0,225.0
0,307.0,231.0
0,291.0,269.0
0,117.0,204.0
0,272.0,294.0
0,255.0,324.0
0,279.0,269.0
0,277.0,229.0
0,314.0,253.0
0,227.0,279.0
0,259.0,314.0
0,154.0,302.0
0,267.0,312.0
0,248.0,243.0
0,164.0,286.0
0,198.0,261.0
0,211.0,246.0
0,315.0,322.0
0,207.0,320.0
0,304.0,317.0
0,297.0,240.0
0,318.0,313.0
0,266.0,289.0
0,321.0,325.0
0,264.0,291.0
0,255.0,324.0
0,312.0,89.0
0,255.0,225.0
0,169.0,318.0
0,181.0,242.0
0,256.0,258.0
0,253.0,231.0
0,323.0,207.0
0,89.0,284.0
0,297.0,278.0
0,288.0,247.0
0,262.0,266.0
0,299.0,315.0
0,284.0,276.0
0,233.0,290.0
0,300.0,319.0
0,290.0,323.0
0,273.0,127.0
0,181.0,311.0
0,261.0,300.0
0,289.0,262.0
0,299.0,322.0
0,307.0,305.0
0,245.0,272.0
0,277.0,276.0
0,275.0,308.0
0,261.0,198.0
0,291.0,211.0
0,304.0,284.0
0,233.0,313.0
0,242.0,320.0
0,215.0,316.0
0,298.0,286.0
0,304.0,267.0
0,291.0,246.0
0,243.0,248.0
0,313.0,323.0
0,231.0,244.0
0,204.0,117.0
0,314.0,259.0
0,299.0,164.0
0,291.0,264.0
0,300.0,306.0
0,311.0,303.0
0,274.0,242.0
0,259.0,287.0
0,297.0,282.0
0,225.0,324.0
0,229.0,312.0
0,309.0,245.0
0,272.0,309.0
0,229.0,181.0
0,316.0,302.0
0,308.0,318.0
0,169.0,275.0
0,198.0,319.0
0,245.0,285.0
0,252.0,238.0
0,222.0,248.0
0,313.0,233.0
0,279.0,269.0
0,274.0,207.0
0,253.0,244.0
0,304.0,284.0
0,312.0,229.0
0,279.0,227.0
0,215.0,316.0
0,286.0,222.0
0,211.0,291.0
0,324.0,319.0
0,287.0,314.0
0,298.0,299.0
0,198.0,225.0
0,242.0,320.0
0,245.0,309.0
0,207.0,313.0
0,275.0,308.0
0,275.0,274.0
0,317.0,226.0
0,253.0,231.0
0,315.0,322.0
0,246.0,315.0
0,288.0,301.0
0,302.0,305.0
0,169.0,318.0
0,264.0,317.0
0,286.0,164.0
0,169.0,318.0
0,317.0,315.0
0,215.0,316.0
0,243.0,286.0
0,226.0,262.0
0,164.0,326.0
0,317.0,322.0
0,293.0,321.0
0,259.0,253.0
0,323.0,274.0
0,298.0,222.0
0,246.0,264.0
0,225.0,319.0
0,229.0,312.0
0,233.0,323.0
0,290.0,127.0
0,253.0,307.0
0,322.0,246.0
0,261.0,278.0
0,301.0,288.0
0,225.0,306.0
0,287.0,204.0
0,312.0,310.0
0,311.0,320.0
0,240.0,209.0
0,117.0,231.0
0,264.0,317.0
0,324.0,255.0
0,308.0,275.0
0,239.0,169.0
0,215.0,316.0
0,258.0,275.0
0,127.0,233.0
0,164.0,248.0
0,299.0,222.0
0,320.0,311.0
0,253.0,259.0
0,233.0,323.0
0,198.0,319.0
0,293.0,321.0
0,263.0,289.0
0,276.0,284.0
0,319.0,237.0
0,248.0,326.0
0,304.0,279.0
0,246.0,315.0
0,324.0,306.0
0,246.0,322.0
0,244.0,258.0
0,184.0,211.0
0,326.0,298.0
0,278.0,282.0
0,127.0,318.0
0,308.0,275.0
0,283.0,252.0
0,253.0,287.0
0,304.0,269.0
0,198.0,324.0
0,302.0,305.0
0,127.0,233.0
0,264.0,246.0
0,301.0,127.0
0,246.0,322.0
0,316.0,215.0
0,314.0,204.0
0,321.0,298.0
0,242.0,327.0
0,164.0,326.0
0,242.0,316.0
0,227.0,276.0
0,204.0,253.0
0,310.0,284.0
0,322.0,315.0
0,233.0,288.0
0,267.0,303.0
0,226.0,243.0
0,233.0,323.0
0,314.0,117.0
0,244.0,308.0
0,297.0,261.0
0,211.0,277.0
0,321.0,325.0
0,311.0,274.0
0,288.0,301.0
0,321.0,293.0
0,256.0,320.0
0,215.0,207.0
0,313.0,244.0
0,302.0,305.0
0,321.0,325.0
0,278.0,261.0
0,215.0,316.0
0,283.0,252.0
0,204.0,314.0
0,184.0,263.0
0,310.0,312.0
0,238.0,248.0
0,314.0,287.0
0,301.0,290.0
0,293.0,238.0
0,273.0,274.0
0,315.0,322.0
0,164.0,222.0
0,328.0,283.0
0,207.0,327.0
0,277.0,291.0
0,233.0,323.0
0,290.0,127.0
0,324.0,300.0
0,285.0,309.0
0,239.0,318.0
0,303.0,310.0
0,127.0,288.0
0,317.0,264.0
0,252.0,328.0
0,198.0,319.0
0,244.0,308.0
0,298.0,293.0
0,253.0,204.0
0,282.0,278.0
0,312.0,303.0
0,181.0,312.0
0,154.0,287.0
0,211.0,269.0
0,318.0,301.0
0,301.0,127.0
0,248.0,286.0
0,287.0,314.0
0,325.0,248.0
0,289.0,263.0
0,307.0,204.0
0,207.0,320.0
0,248.0,298.0
0,272.0,243.0
0,262.0,299.0
0,265.0,290.0
0,314.0,253.0
0,321.0,325.0
0,277.0,211.0
0,310.0,284.0
0,211.0,291.0
0,233.0,323.0
0,328.0,252.0
0,273.0,288.0
0,327.0,242.0
0,282.0,261.0
0,164.0,222.0
0,254.0,271.0
0,313.0,273.0
0,315.0,317.0
0,308.0,313.0
0,278.0,267.0
0,324.0,300.0
0,310.0,312.0
0,209.0,267.0
0,231.0,253.0
0,184.0,245.0
0,293.0,321.0
0,303.0,310.0
0,290.0,318.0
0,244.0,308.0
0,307.0,314.0
0,233.0,313.0
0,265.0,273.0
0,242.0,320.0
0,290.0,233.0
0,164.0,326.0
0,317.0,322.0
0,261.0,306.0
0,256.0,304.0
0,318.0,127.0
0,286.0,238.0
0,252.0,283.0
0,215.0,264.0
0,233.0,323.0
0,293.0,298.0
0,267.0,282.0
0,253.0,287.0
0,222.0,164.0
0,316.0,327.0
0,154.0,204.0
0,327.0,242.0
0,299.0,262.0
0,239.0,231.0
0,272.0,243.0
0,198.0,319.0
0,254.0,229.0
0,325.0,248.0
0,310.0,312.0
0,255.0,285.0
0,298.0,252.0
0,164.0,326.0
0,242.0,320.0
0,127.0,313.0
0,324.0,300.0
0,215.0,315.0
0,272.0,243.0
0,238.0,286.0
0,209.0,267.0
0,312.0,303.0
0,306.0,297.0
0,301.0,318.0
0,308.0,244.0
0,284.0,274.0
0,233.0,290.0
0,321.0,325.0
0,248.0,298.0
0,246.0,242.0
0,117.0,253.0
0,227.0,89.0
0,215.0,316.0
0,326.0,262.0
0,287.0,314.0
0,273.0,288.0
0,252.0,321.0
0,316.0,327.0
